
# Curve 0 of 1, 114 points
# Curve title: ""data" u (bin($2, binwidth)):(1.0)"
# x y xlow xhigh type
-7.15  24 -7.15 -7.15  i
-7.05  43 -7.05 -7.05  i
-6.95  207 -6.95 -6.95  i
-6.85  168 -6.85 -6.85  i
-6.75  11 -6.75 -6.75  i
-6.65  13 -6.65 -6.65  i
-6.55  14 -6.55 -6.55  i
-6.45  10 -6.45 -6.45  i
-6.35  53 -6.35 -6.35  i
-6.25  135 -6.25 -6.25  i
-6.15  259 -6.15 -6.15  i
-6.05  152 -6.05 -6.05  i
-5.95  56 -5.95 -5.95  i
-5.85  242 -5.85 -5.85  i
-5.75  329 -5.75 -5.75  i
-5.65  102 -5.65 -5.65  i
-5.55  167 -5.55 -5.55  i
-5.45  122 -5.45 -5.45  i
-5.35  89 -5.35 -5.35  i
-5.25  59 -5.25 -5.25  i
-5.15  114 -5.15 -5.15  i
-5.05  55 -5.05 -5.05  i
-4.95  107 -4.95 -4.95  i
-4.85  131 -4.85 -4.85  i
-4.75  131 -4.75 -4.75  i
-4.65  134 -4.65 -4.65  i
-4.55  202 -4.55 -4.55  i
-4.45  257 -4.45 -4.45  i
-4.35  218 -4.35 -4.35  i
-4.25  349 -4.25 -4.25  i
-4.15  620 -4.15 -4.15  i
-4.05  806 -4.05 -4.05  i
-3.95  1611 -3.95 -3.95  i
-3.85  2111 -3.85 -3.85  i
-3.75  2720 -3.75 -3.75  i
-3.65  3432 -3.65 -3.65  i
-3.55  4652 -3.55 -3.55  i
-3.45  5545 -3.45 -3.45  i
-3.35  5111 -3.35 -3.35  i
-3.25  4852 -3.25 -3.25  i
-3.15  5341 -3.15 -3.15  i
-3.05  4331 -3.05 -3.05  i
-2.95  4692 -2.95 -2.95  i
-2.85  6065 -2.85 -2.85  i
-2.75  8158 -2.75 -2.75  i
-2.65  11896 -2.65 -2.65  i
-2.55  13240 -2.55 -2.55  i
-2.45  14587 -2.45 -2.45  i
-2.35  15979 -2.35 -2.35  i
-2.25  14120 -2.25 -2.25  i
-2.15  12511 -2.15 -2.15  i
-2.05  11983 -2.05 -2.05  i
-1.95  12372 -1.95 -1.95  i
-1.85  11481 -1.85 -1.85  i
-1.75  11495 -1.75 -1.75  i
-1.65  12674 -1.65 -1.65  i
-1.55  12325 -1.55 -1.55  i
-1.45  13766 -1.45 -1.45  i
-1.35  15754 -1.35 -1.35  i
-1.25  17827 -1.25 -1.25  i
-1.15  19953 -1.15 -1.15  i
-1.05  20292 -1.05 -1.05  i
-0.95  18783 -0.95 -0.95  i
-0.85  17646 -0.85 -0.85  i
-0.75  17912 -0.75 -0.75  i
-0.65  18754 -0.65 -0.65  i
-0.55  18909 -0.55 -0.55  i
-0.45  16905 -0.45 -0.45  i
-0.35  15313 -0.35 -0.35  i
-0.25  15975 -0.25 -0.25  i
-0.15  18141 -0.15 -0.15  i
-0.05  19914 -0.05 -0.05  i
 0.05  21244  0.05  0.05  i
 0.15  21273  0.15  0.15  i
 0.25  20211  0.25  0.25  i
 0.35  19820  0.35  0.35  i
 0.45  22349  0.45  0.45  i
 0.55  21624  0.55  0.55  i
 0.65  21326  0.65  0.65  i
 0.75  18606  0.75  0.75  i
 0.85  20535  0.85  0.85  i
 0.95  20668  0.95  0.95  i
 1.05  22349  1.05  1.05  i
 1.15  22563  1.15  1.15  i
 1.25  24394  1.25  1.25  i
 1.35  22756  1.35  1.35  i
 1.45  20334  1.45  1.45  i
 1.55  19043  1.55  1.55  i
 1.65  18583  1.65  1.65  i
 1.75  15684  1.75  1.75  i
 1.85  14906  1.85  1.85  i
 1.95  13602  1.95  1.95  i
 2.05  14292  2.05  2.05  i
 2.15  12658  2.15  2.15  i
 2.25  8879  2.25  2.25  i
 2.35  7912  2.35  2.35  i
 2.45  8063  2.45  2.45  i
 2.55  6700  2.55  2.55  i
 2.65  6046  2.65  2.65  i
 2.75  5790  2.75  2.75  i
 2.85  5840  2.85  2.85  i
 2.95  5845  2.95  2.95  i
 3.05  6022  3.05  3.05  i
 3.15  4128  3.15  3.15  i
 3.25  3379  3.25  3.25  i
 3.35  3696  3.35  3.35  i
 3.45  3766  3.45  3.45  i
 3.55  3808  3.55  3.55  i
 3.65  3045  3.65  3.65  i
 3.75  1856  3.75  3.75  i
 3.85  889  3.85  3.85  i
 3.95  638  3.95  3.95  i
 4.05  371  4.05  4.05  i


