
# Curve 0 of 1, 198 points
# x y xlow xhigh type
-12.4101  1 -12.4101 -12.4101  i
-12.2847  2 -12.2847 -12.2847  i
-12.1594  1 -12.1594 -12.1594  i
-12.034  2 -12.034 -12.034  i
-11.9086  5 -11.9086 -11.9086  i
-11.7833  3 -11.7833 -11.7833  i
-11.6579  3 -11.6579 -11.6579  i
-11.5326  13 -11.5326 -11.5326  i
-11.4072  16 -11.4072 -11.4072  i
-11.2819  20 -11.2819 -11.2819  i
-11.1565  38 -11.1565 -11.1565  i
-11.0312  47 -11.0312 -11.0312  i
-10.9058  56 -10.9058 -10.9058  i
-10.7805  97 -10.7805 -10.7805  i
-10.6551  127 -10.6551 -10.6551  i
-10.5297  202 -10.5297 -10.5297  i
-10.4044  302 -10.4044 -10.4044  i
-10.279  407 -10.279 -10.279  i
-10.1537  569 -10.1537 -10.1537  i
-10.0283  759 -10.0283 -10.0283  i
-9.90298  1011 -9.90298 -9.90298  i
-9.77762  1348 -9.77762 -9.77762  i
-9.65227  1772 -9.65227 -9.65227  i
-9.52692  2468 -9.52692 -9.52692  i
-9.40156  3140 -9.40156 -9.40156  i
-9.27621  4080 -9.27621 -9.27621  i
-9.15085  5350 -9.15085 -9.15085  i
-9.0255  6977 -9.0255 -9.0255  i
-8.90014  8784 -8.90014 -8.90014  i
-8.77479  11128 -8.77479 -8.77479  i
-8.64944  14055 -8.64944 -8.64944  i
-8.52408  17751 -8.52408 -8.52408  i
-8.39873  21773 -8.39873 -8.39873  i
-8.27337  26841 -8.27337 -8.27337  i
-8.14802  32779 -8.14802 -8.14802  i
-8.02267  39398 -8.02267 -8.02267  i
-7.89731  46737 -7.89731 -7.89731  i
-7.77196  55527 -7.77196 -7.77196  i
-7.6466  66042 -7.6466 -7.6466  i
-7.52125  77222 -7.52125 -7.52125  i
-7.39589  89858 -7.39589 -7.39589  i
-7.27054  103499 -7.27054 -7.27054  i
-7.14519  118094 -7.14519 -7.14519  i
-7.01983  134375 -7.01983 -7.01983  i
-6.89448  151658 -6.89448 -6.89448  i
-6.76912  168318 -6.76912 -6.76912  i
-6.64377  187274 -6.64377 -6.64377  i
-6.51842  205878 -6.51842 -6.51842  i
-6.39306  224848 -6.39306 -6.39306  i
-6.26771  243443 -6.26771 -6.26771  i
-6.14235  261350 -6.14235 -6.14235  i
-6.017  278727 -6.017 -6.017  i
-5.89164  295894 -5.89164 -5.89164  i
-5.76629  311308 -5.76629 -5.76629  i
-5.64094  321718 -5.64094 -5.64094  i
-5.51558  331400 -5.51558 -5.51558  i
-5.39023  341035 -5.39023 -5.39023  i
-5.26487  346031 -5.26487 -5.26487  i
-5.13952  348951 -5.13952 -5.13952  i
-5.01417  350832 -5.01417 -5.01417  i
-4.88881  347707 -4.88881 -4.88881  i
-4.76346  342565 -4.76346 -4.76346  i
-4.6381  335090 -4.6381 -4.6381  i
-4.51275  324879 -4.51275 -4.51275  i
-4.3874  312123 -4.3874 -4.3874  i
-4.26204  298578 -4.26204 -4.26204  i
-4.13669  283469 -4.13669 -4.13669  i
-4.01133  265847 -4.01133 -4.01133  i
-3.88598  247329 -3.88598 -3.88598  i
-3.76062  230636 -3.76062 -3.76062  i
-3.63527  210014 -3.63527 -3.63527  i
-3.50992  191581 -3.50992 -3.50992  i
-3.38456  173458 -3.38456 -3.38456  i
-3.25921  155191 -3.25921 -3.25921  i
-3.13385  138517 -3.13385 -3.13385  i
-3.0085  121663 -3.0085 -3.0085  i
-2.88315  107094 -2.88315 -2.88315  i
-2.75779  92789 -2.75779 -2.75779  i
-2.63244  80011 -2.63244 -2.63244  i
-2.50708  68873 -2.50708 -2.50708  i
-2.38173  57796 -2.38173 -2.38173  i
-2.25637  48642 -2.25637 -2.25637  i
-2.13102  41121 -2.13102 -2.13102  i
-2.00567  34114 -2.00567 -2.00567  i
-1.88031  27857 -1.88031 -1.88031  i
-1.75496  22762 -1.75496 -1.75496  i
-1.6296  18246 -1.6296 -1.6296  i
-1.50425  14978 -1.50425 -1.50425  i
-1.3789  11978 -1.3789 -1.3789  i
-1.25354  9370 -1.25354 -1.25354  i
-1.12819  7460 -1.12819 -1.12819  i
-1.00283  5690 -1.00283 -1.00283  i
-0.877479  4383 -0.877479 -0.877479  i
-0.752125  3574 -0.752125 -0.752125  i
-0.626771  2725 -0.626771 -0.626771  i
-0.501417  2202 -0.501417 -0.501417  i
-0.376062  1765 -0.376062 -0.376062  i
-0.250708  1534 -0.250708 -0.250708  i
-0.125354  1469 -0.125354 -0.125354  i
 0  1443  0  0  i
 0.125354  1565  0.125354  0.125354  i
 0.250708  1802  0.250708  0.250708  i
 0.376062  2175  0.376062  0.376062  i
 0.501417  2815  0.501417  0.501417  i
 0.626771  3618  0.626771  0.626771  i
 0.752125  4466  0.752125  0.752125  i
 0.877479  5837  0.877479  0.877479  i
 1.00283  7505  1.00283  1.00283  i
 1.12819  9611  1.12819  1.12819  i
 1.25354  12177  1.25354  1.25354  i
 1.3789  15281  1.3789  1.3789  i
 1.50425  18777  1.50425  1.50425  i
 1.6296  23186  1.6296  1.6296  i
 1.75496  28496  1.75496  1.75496  i
 1.88031  34757  1.88031  1.88031  i
 2.00567  41667  2.00567  2.00567  i
 2.13102  50361  2.13102  2.13102  i
 2.25637  59250  2.25637  2.25637  i
 2.38173  69403  2.38173  2.38173  i
 2.50708  81795  2.50708  2.50708  i
 2.63244  94657  2.63244  2.63244  i
 2.75779  108937  2.75779  2.75779  i
 2.88315  123129  2.88315  2.88315  i
 3.0085  141042  3.0085  3.0085  i
 3.13385  159205  3.13385  3.13385  i
 3.25921  176378  3.25921  3.25921  i
 3.38456  195481  3.38456  3.38456  i
 3.50992  213658  3.50992  3.50992  i
 3.63527  233079  3.63527  3.63527  i
 3.76062  252714  3.76062  3.76062  i
 3.88598  270070  3.88598  3.88598  i
 4.01133  288061  4.01133  4.01133  i
 4.13669  304363  4.13669  4.13669  i
 4.26204  318891  4.26204  4.26204  i
 4.3874  331441  4.3874  4.3874  i
 4.51275  341830  4.51275  4.51275  i
 4.6381  349056  4.6381  4.6381  i
 4.76346  353615  4.76346  4.76346  i
 4.88881  356280  4.88881  4.88881  i
 5.01417  356246  5.01417  5.01417  i
 5.13952  353103  5.13952  5.13952  i
 5.26487  347991  5.26487  5.26487  i
 5.39023  338455  5.39023  5.39023  i
 5.51558  328430  5.51558  5.51558  i
 5.64094  314394  5.64094  5.64094  i
 5.76629  301313  5.76629  5.76629  i
 5.89164  283844  5.89164  5.89164  i
 6.017  267935  6.017  6.017  i
 6.14235  247980  6.14235  6.14235  i
 6.26771  229611  6.26771  6.26771  i
 6.39306  210266  6.39306  6.39306  i
 6.51842  191068  6.51842  6.51842  i
 6.64377  171875  6.64377  6.64377  i
 6.76912  153740  6.76912  6.76912  i
 6.89448  136713  6.89448  6.89448  i
 7.01983  121189  7.01983  7.01983  i
 7.14519  105230  7.14519  7.14519  i
 7.27054  91665  7.27054  7.27054  i
 7.39589  79013  7.39589  7.39589  i
 7.52125  67171  7.52125  7.52125  i
 7.6466  57180  7.6466  7.6466  i
 7.77196  47985  7.77196  7.77196  i
 7.89731  39855  7.89731  7.89731  i
 8.02267  32704  8.02267  8.02267  i
 8.14802  26981  8.14802  8.14802  i
 8.27337  21950  8.27337  8.27337  i
 8.39873  17854  8.39873  8.39873  i
 8.52408  14412  8.52408  8.52408  i
 8.64944  11409  8.64944  8.64944  i
 8.77479  8961  8.77479  8.77479  i
 8.90014  6981  8.90014  8.90014  i
 9.0255  5525  9.0255  9.0255  i
 9.15085  4196  9.15085  9.15085  i
 9.27621  3193  9.27621  9.27621  i
 9.40156  2478  9.40156  9.40156  i
 9.52692  1833  9.52692  9.52692  i
 9.65227  1382  9.65227  9.65227  i
 9.77762  1017  9.77762  9.77762  i
 9.90298  789  9.90298  9.90298  i
 10.0283  501  10.0283  10.0283  i
 10.1537  379  10.1537  10.1537  i
 10.279  274  10.279  10.279  i
 10.4044  191  10.4044  10.4044  i
 10.5297  133  10.5297  10.5297  i
 10.6551  104  10.6551  10.6551  i
 10.7805  66  10.7805  10.7805  i
 10.9058  52  10.9058  10.9058  i
 11.0312  24  11.0312  11.0312  i
 11.1565  15  11.1565  11.1565  i
 11.2819  21  11.2819  11.2819  i
 11.4072  6  11.4072  11.4072  i
 11.5326  8  11.5326  11.5326  i
 11.6579  5  11.6579  11.6579  i
 11.7833  3  11.7833  11.7833  i
 11.9086  1  11.9086  11.9086  i
 12.034  1  12.034  12.034  i
 12.6608  1  12.6608  12.6608  i
-10.9058  1 -10.9058 -10.9058  u

