
# Curve 0 of 1, 198 points
# x y xlow xhigh type
-5.51676  1 -5.51676 -5.51676  i
-5.46187  2 -5.46187 -5.46187  i
-5.40697  3 -5.40697 -5.40697  i
-5.24229  6 -5.24229 -5.24229  i
-5.1874  5 -5.1874 -5.1874  i
-5.13251  13 -5.13251 -5.13251  i
-5.07761  10 -5.07761 -5.07761  i
-5.02272  12 -5.02272 -5.02272  i
-4.96783  20 -4.96783 -4.96783  i
-4.91293  39 -4.91293 -4.91293  i
-4.85804  47 -4.85804 -4.85804  i
-4.80315  72 -4.80315 -4.80315  i
-4.74826  94 -4.74826 -4.74826  i
-4.69336  146 -4.69336 -4.69336  i
-4.63847  205 -4.63847 -4.63847  i
-4.58358  224 -4.58358 -4.58358  i
-4.52868  321 -4.52868 -4.52868  i
-4.47379  437 -4.47379 -4.47379  i
-4.4189  574 -4.4189 -4.4189  i
-4.364  710 -4.364 -4.364  i
-4.30911  976 -4.30911 -4.30911  i
-4.25422  1223 -4.25422 -4.25422  i
-4.19932  1616 -4.19932 -4.19932  i
-4.14443  1987 -4.14443 -4.14443  i
-4.08954  2421 -4.08954 -4.08954  i
-4.03464  2905 -4.03464 -4.03464  i
-3.97975  3623 -3.97975 -3.97975  i
-3.92486  4464 -3.92486 -3.92486  i
-3.86997  5411 -3.86997 -3.86997  i
-3.81507  6363 -3.81507 -3.81507  i
-3.76018  7482 -3.76018 -3.76018  i
-3.70529  9043 -3.70529 -3.70529  i
-3.65039  10470 -3.65039 -3.65039  i
-3.5955  12302 -3.5955 -3.5955  i
-3.54061  14007 -3.54061 -3.54061  i
-3.48571  15819 -3.48571 -3.48571  i
-3.43082  18131 -3.43082 -3.43082  i
-3.37593  20733 -3.37593 -3.37593  i
-3.32103  22999 -3.32103 -3.32103  i
-3.26614  25875 -3.26614 -3.26614  i
-3.21125  28943 -3.21125 -3.21125  i
-3.15635  32120 -3.15635 -3.15635  i
-3.10146  35199 -3.10146 -3.10146  i
-3.04657  38249 -3.04657 -3.04657  i
-2.99168  41482 -2.99168 -2.99168  i
-2.93678  45187 -2.93678 -2.93678  i
-2.88189  48605 -2.88189 -2.88189  i
-2.827  52271 -2.827 -2.827  i
-2.7721  55292 -2.7721 -2.7721  i
-2.71721  58660 -2.71721 -2.71721  i
-2.66232  61625 -2.66232 -2.66232  i
-2.60742  65258 -2.60742 -2.60742  i
-2.55253  67896 -2.55253 -2.55253  i
-2.49764  72009 -2.49764 -2.49764  i
-2.44274  73944 -2.44274 -2.44274  i
-2.38785  76997 -2.38785 -2.38785  i
-2.33296  79503 -2.33296 -2.33296  i
-2.27806  82061 -2.27806 -2.27806  i
-2.22317  84292 -2.22317 -2.22317  i
-2.16828  86359 -2.16828 -2.16828  i
-2.11339  88626 -2.11339 -2.11339  i
-2.05849  89867 -2.05849 -2.05849  i
-2.0036  91220 -2.0036 -2.0036  i
-1.94871  92769 -1.94871 -1.94871  i
-1.89381  94200 -1.89381 -1.89381  i
-1.83892  95107 -1.83892 -1.83892  i
-1.78403  95644 -1.78403 -1.78403  i
-1.72913  96053 -1.72913 -1.72913  i
-1.67424  97082 -1.67424 -1.67424  i
-1.61935  96970 -1.61935 -1.61935  i
-1.56445  97585 -1.56445 -1.56445  i
-1.50956  97762 -1.50956 -1.50956  i
-1.45467  98050 -1.45467 -1.45467  i
-1.39977  97389 -1.39977 -1.39977  i
-1.34488  96995 -1.34488 -1.34488  i
-1.28999  97350 -1.28999 -1.28999  i
-1.2351  96550 -1.2351 -1.2351  i
-1.1802  96421 -1.1802 -1.1802  i
-1.12531  95700 -1.12531 -1.12531  i
-1.07042  95410 -1.07042 -1.07042  i
-1.01552  95041 -1.01552 -1.01552  i
-0.96063  94664 -0.96063 -0.96063  i
-0.905737  94000 -0.905737 -0.905737  i
-0.850843  93220 -0.850843 -0.850843  i
-0.79595  92974 -0.79595 -0.79595  i
-0.741057  91887 -0.741057 -0.741057  i
-0.686164  92311 -0.686164 -0.686164  i
-0.631271  91684 -0.631271 -0.631271  i
-0.576378  90567 -0.576378 -0.576378  i
-0.521485  90589 -0.521485 -0.521485  i
-0.466592  90361 -0.466592 -0.466592  i
-0.411698  89717 -0.411698 -0.411698  i
-0.356805  89343 -0.356805 -0.356805  i
-0.301912  89334 -0.301912 -0.301912  i
-0.247019  89107 -0.247019 -0.247019  i
-0.192126  88503 -0.192126 -0.192126  i
-0.137233  88832 -0.137233 -0.137233  i
-0.0823397  88797 -0.0823397 -0.0823397  i
-0.0274466  88226 -0.0274466 -0.0274466  i
 0.0274466  88453  0.0274466  0.0274466  i
 0.0823397  88181  0.0823397  0.0823397  i
 0.137233  88484  0.137233  0.137233  i
 0.192126  88879  0.192126  0.192126  i
 0.247019  89052  0.247019  0.247019  i
 0.301912  89262  0.301912  0.301912  i
 0.356805  89709  0.356805  0.356805  i
 0.411698  89916  0.411698  0.411698  i
 0.466592  89889  0.466592  0.466592  i
 0.521485  90313  0.521485  0.521485  i
 0.576378  90284  0.576378  0.576378  i
 0.631271  90440  0.631271  0.631271  i
 0.686164  91484  0.686164  0.686164  i
 0.741057  92180  0.741057  0.741057  i
 0.79595  92086  0.79595  0.79595  i
 0.850843  92827  0.850843  0.850843  i
 0.905737  93462  0.905737  0.905737  i
 0.96063  94116  0.96063  0.96063  i
 1.01552  94836  1.01552  1.01552  i
 1.07042  94970  1.07042  1.07042  i
 1.12531  96287  1.12531  1.12531  i
 1.1802  95624  1.1802  1.1802  i
 1.2351  95921  1.2351  1.2351  i
 1.28999  96595  1.28999  1.28999  i
 1.34488  96731  1.34488  1.34488  i
 1.39977  97415  1.39977  1.39977  i
 1.45467  97458  1.45467  1.45467  i
 1.50956  96823  1.50956  1.50956  i
 1.56445  97179  1.56445  1.56445  i
 1.61935  96306  1.61935  1.61935  i
 1.67424  96447  1.67424  1.67424  i
 1.72913  95868  1.72913  1.72913  i
 1.78403  95321  1.78403  1.78403  i
 1.83892  93864  1.83892  1.83892  i
 1.89381  92901  1.89381  1.89381  i
 1.94871  92291  1.94871  1.94871  i
 2.0036  91155  2.0036  2.0036  i
 2.05849  89290  2.05849  2.05849  i
 2.11339  87479  2.11339  2.11339  i
 2.16828  86009  2.16828  2.16828  i
 2.22317  83872  2.22317  2.22317  i
 2.27806  82167  2.27806  2.27806  i
 2.33296  79259  2.33296  2.33296  i
 2.38785  76996  2.38785  2.38785  i
 2.44274  73398  2.44274  2.44274  i
 2.49764  71043  2.49764  2.49764  i
 2.55253  67603  2.55253  2.55253  i
 2.60742  64605  2.60742  2.60742  i
 2.66232  61345  2.66232  2.66232  i
 2.71721  58022  2.71721  2.71721  i
 2.7721  54817  2.7721  2.7721  i
 2.827  51326  2.827  2.827  i
 2.88189  48478  2.88189  2.88189  i
 2.93678  44525  2.93678  2.93678  i
 2.99168  41506  2.99168  2.99168  i
 3.04657  37932  3.04657  3.04657  i
 3.10146  34640  3.10146  3.10146  i
 3.15635  31642  3.15635  3.15635  i
 3.21125  28690  3.21125  3.21125  i
 3.26614  25577  3.26614  3.26614  i
 3.32103  23009  3.32103  3.32103  i
 3.37593  20499  3.37593  3.37593  i
 3.43082  18265  3.43082  3.43082  i
 3.48571  15989  3.48571  3.48571  i
 3.54061  13818  3.54061  3.54061  i
 3.5955  12158  3.5955  3.5955  i
 3.65039  10444  3.65039  3.65039  i
 3.70529  8770  3.70529  3.70529  i
 3.76018  7586  3.76018  3.76018  i
 3.81507  6376  3.81507  3.81507  i
 3.86997  5284  3.86997  3.86997  i
 3.92486  4365  3.92486  3.92486  i
 3.97975  3602  3.97975  3.97975  i
 4.03464  2976  4.03464  4.03464  i
 4.08954  2405  4.08954  4.08954  i
 4.14443  1903  4.14443  4.14443  i
 4.19932  1573  4.19932  4.19932  i
 4.25422  1238  4.25422  4.25422  i
 4.30911  939  4.30911  4.30911  i
 4.364  707  4.364  4.364  i
 4.4189  559  4.4189  4.4189  i
 4.47379  443  4.47379  4.47379  i
 4.52868  297  4.52868  4.52868  i
 4.58358  235  4.58358  4.58358  i
 4.63847  194  4.63847  4.63847  i
 4.69336  163  4.69336  4.69336  i
 4.74826  97  4.74826  4.74826  i
 4.80315  62  4.80315  4.80315  i
 4.85804  53  4.85804  4.85804  i
 4.91293  35  4.91293  4.91293  i
 4.96783  24  4.96783  4.96783  i
 5.02272  17  5.02272  5.02272  i
 5.07761  8  5.07761  5.07761  i
 5.13251  8  5.13251  5.13251  i
 5.1874  10  5.1874  5.1874  i
 5.24229  5  5.24229  5.24229  i
 5.35208  3  5.35208  5.35208  i
 5.46187  1  5.46187  5.46187  o


