-5.0 0.006003001500750376 0.023693173090144626
-4.932885906040268 0.006003001500750376 0.032987512987858736
-4.865771812080537 0.013006503251625815 0.04572149880921472
-4.798657718120805 0.019009504752376196 0.06308641953278737
-4.731543624161074 0.03901950975487745 0.08665544124486502
-4.6644295302013425 0.08004002001000503 0.11849508405603615
-4.597315436241611 0.12406203101550779 0.16130557072280283
-4.530201342281879 0.22311155577788902 0.21859636518684056
-4.4630872483221475 0.2591295647823913 0.2949042584576844
-4.395973154362416 0.33116558279139585 0.39606246771128895
-4.328859060402684 0.40420210105052545 0.5295303685981523
-4.2617449664429525 0.5672836418209108 0.7047946401828042
-4.194630872483222 0.7703851925962986 0.9338537160008542
-4.12751677852349 1.1165582791395705 1.231798434608855
-4.060402684563758 1.4127063531765882 1.617502581519048
-3.9932885906040267 2.0670335167583795 2.1144375134785065
-3.926174496644295 2.5782891445722855 2.7516251248638213
-3.859060402684564 3.4947473736868426 3.564742924466735
-3.791946308724832 4.6243121560780365 4.5973937751631055
-3.724832214765101 6.160080040020005 5.902550748948521
-3.6577181208053693 8.076038019009506 7.544184390284592
-3.5906040268456376 10.028014007003508 9.59907529196613
-3.523489932885906 12.82841420710356 12.158809116136204
-3.4563758389261743 15.598799399699846 15.331943901353284
-3.389261744966443 19.950975487743875 19.246330599820283
-3.3221476510067114 24.73836918459231 24.051557244564314
-3.25503355704698 30.953476738369183 29.921474995919795
-3.1879194630872485 37.87093546773386 37.05675068761405
-3.120805369127517 46.827413706853456 45.68737561916336
-3.053691275167785 56.85242621310656 56.07504458300383
-2.9865771812080535 68.35217608804406 68.51530296392295
-2.9194630872483223 83.56778389194605 83.33934383288889
-2.8523489932885906 101.01350675337669 100.91532204781205
-2.785234899328859 120.98449224612307 121.64903936759953
-2.7181208053691277 145.22961480740378 145.98384448571977
-2.651006711409396 174.07003501750867 174.39958578304714
-2.5838926174496644 206.75837918959485 207.41045360443965
-2.5167785234899327 245.6978489244623 245.5615540863265
-2.4496644295302015 288.5702851425713 289.4240690263228
-2.38255033557047 339.6498249124562 339.5888768678468
-2.315436241610738 396.8584292146074 396.6585392166655
-2.248322147651007 462.02701350675346 461.23759575851244
-2.1812080536912752 535.1715857928967 533.9211579651782
-2.1140939597315436 618.8434217108555 615.2818480784194
-2.046979865771812 705.8439219609805 705.8551935603896
-1.9798657718120807 805.1175587793898 806.123656980251
-1.912751677852349 914.1020510255133 916.4995551132149
-1.8456375838926173 1033.790895447724 1037.3071962888503
-1.7785234899328861 1163.2496248124069 1168.7646387082084
-1.7114093959731544 1309.3636818409213 1310.9655411525312
-1.6442953020134228 1456.9174587293646 1463.8616375872937
-1.577181208053691 1619.9889944972495 1627.2464148913812
-1.5100671140939599 1802.1760880440222 1800.740604682116
-1.4429530201342282 1987.7278639319666 1983.780112627276
-1.3758389261744965 2179.519759879941 2175.606998915702
-1.3087248322147649 2384.548274137069 2375.264089588691
-1.2416107382550337 2588.5232616308167 2581.5937390265885
-1.174496644295302 2799.856928464232 2793.241178900985
-1.1073825503355703 3021.327663831917 3008.662779412408
-1.040268456375839 3238.768384192095 3226.139416934648
-0.973154362416107 3456.036018009006 3443.7949918398767
-0.9060402684563762 3677.7928964482244 3659.619976018169
-0.8389261744966445 3889.4117058529287 3871.4996971834557
-0.7718120805369129 4094.050025012509 4077.246893079833
-0.7046979865771812 4293.886943471738 4274.637900279282
-0.6375838926174495 4471.062531265635 4461.451686765966
-0.5704697986577179 4640.5172586293165 4635.510802141824
-0.5033557046979862 4801.591795897953 4794.723210776969
-0.4362416107382554 4947.164582291146 4937.1238974014295
-0.36912751677852373 5075.933966983493 5060.915096107779
-0.30201342281879207 5178.782391195598 5164.503995636005
-0.2348993288590604 5252.399199599799 5246.536817527992
-0.16778523489932873 5308.337168584293 5305.928248832496
-0.10067114093959706 5358.57228614307 5341.885335158996
-0.03355704697986539 5366.970485242619 5353.925098861699
0.03355704697986539 5355.265632816408 5341.885335158996
0.10067114093959706 5318.0470235117555 5305.928248832496
0.16778523489932873 5267.640820410206 5246.536817527992
0.2348993288590604 5174.5062531265585 5164.503995636005
0.30201342281879207 5058.263131565782 5060.915096107779
0.36912751677852373 4928.363181590798 4937.1238974014295
0.4362416107382554 4787.475737868934 4794.723210776969
0.5033557046979862 4626.805402701351 4635.510802141824
0.5704697986577179 4446.641320660329 4461.451686765966
0.6375838926174495 4261.4887443721855 4274.637900279282
0.7046979865771812 4068.6873436718374 4077.246893079833
0.7718120805369129 3865.5177588794413 3871.4996971834557
0.8389261744966445 3650.2921460730363 3659.619976018169
0.9060402684563762 3436.2821410705346 3443.7949918398767
0.973154362416107 3217.634817408707 3226.139416934615
1.0402684563758386 3007.5477738869427 3008.662779412441
1.1073825503355703 2795.9869934967505 2793.241178900985
1.174496644295302 2578.090045022512 2581.5937390265885
1.2416107382550337 2365.0245122561278 2375.264089588702
1.3087248322147653 2169.3116558279144 2175.606998915702
1.375838926174497 1969.2446223111567 1983.7801126272648
1.4429530201342278 1779.5007503751874 1800.740604682094
1.5100671140939594 1605.232616308154 1627.2464148913923
1.577181208053691 1443.6498249124566 1463.8616375872937
1.6442953020134228 1294.7173586793404 1310.9655411525312
1.7114093959731544 1158.785392696348 1168.7646387082195
1.7785234899328861 1027.6398199099544 1037.3071962888614
1.8456375838926178 905.9609804902452 916.4995551132149
1.9127516778523495 795.8979489744875 806.1236569802288
1.9798657718120802 697.8479239619809 705.8551935604007
2.046979865771812 608.7203601800903 615.2818480784194
2.1140939597315436 526.063031515758 533.9211579651782
2.1812080536912752 455.37768884442244 461.23759575851244
2.248322147651007 392.8744372186094 396.6585392166655
2.3154362416107386 337.1975987993999 339.5888768678468
2.3825503355704702 288.29114557278643 289.42406902631166
2.449664429530201 244.05102551275644 245.5615540863265
2.5167785234899327 206.304152076038 207.41045360445077
2.5838926174496644 175.66983491745873 174.39958578303606
2.651006711409396 147.00850425212613 145.98384448571977
2.7181208053691277 123.13456728364181 121.64903936761063
2.7852348993288594 102.46223111555783 100.91532204782317
2.852348993288591 84.6473236618309 83.33934383288889
2.919463087248322 68.72336168084043 68.51530296392295
2.9865771812080535 56.56228114057031 56.07504458299273
3.053691275167786 45.72886443221612 45.68737561916336
3.120805369127517 37.1815907953977 37.056750687625154
3.1879194630872476 30.272136068034012 29.921474995908692
3.25503355704698 24.591295647823927 24.051557244564314
3.322147651006711 19.071535767883944 19.246330599831385
3.3892617449664435 15.552776388194099 15.331943901342182
3.4563758389261743 12.146073036518265 12.158809116136204
3.523489932885907 9.477738869434717 9.59907529196613
3.5906040268456376 7.614807403701854 7.5441843902734895
3.6577181208053684 5.791895947973984 5.902550748959623
3.724832214765101 4.534267133566783 4.5973937751631055
3.7919463087248317 3.709854927463731 3.564742924466735
3.8590604026845643 2.97448724362181 2.751625124852719
3.926174496644295 2.32216108054027 2.1144375134896087
3.9932885906040276 1.6778389194597296 1.6175025815301503
4.060402684563758 1.3536768384192097 1.2317984345977528
4.127516778523489 0.9544772386193102 0.9338537160008542
4.194630872483222 0.7173586793396702 0.704794640171702
4.2617449664429525 0.5362681340670338 0.5295303686092545
4.328859060402685 0.4632316158079041 0.3960624677223912
4.395973154362416 0.31115557778889463 0.2949042584465822
4.463087248322148 0.19209604802401212 0.21859636517573833
4.530201342281879 0.08104052026013006 0.16130557073390506
4.59731543624161 0.06603301650825415 0.11849508405603615
4.6644295302013425 0.06603301650825415 0.08665544124486502
4.731543624161073 0.020010005002501257 0.06308641953278737
4.798657718120806 0.004002001000500251 0.04572149879811249
4.865771812080537 0.003001500750375188 0.032987513010063196
4.932885906040269 0.0 0.023693173090144626
