0.0 0.0 0.0 0.0 0.0 0.0 0.0 
0.1 0.453929191340841 0.44584953445633224 0.44786908534223935 0.4479395409672693 0.4464599923220818 0.4437749895878259 
0.2 0.6175198657023444 0.6076005037960301 0.6000860545147529 0.6017114815789891 0.5900498937858154 0.5746828221346949 
0.30000000000000004 0.7340343808290263 0.719266304980859 0.7049333975070842 0.7113261526521156 0.6657683634958003 0.6460232436827432 
0.4 0.8278613278441663 0.8028901479923194 0.7882152195218236 0.7797740448302289 0.722107304902763 0.6882121667959744 
0.5 0.9084883595751027 0.8709598176008994 0.8401329663934637 0.8377191177813776 0.7634817296733066 0.7090852861445418 
0.6000000000000001 0.9712143853402075 0.91880978827621 0.8849949278365925 0.8831461098724733 0.7810779818734033 0.7232136826317861 
0.7000000000000001 1.018454889211832 0.9621149291462813 0.9190025579946844 0.9118311405629157 0.8031106130174375 0.7330465279691357 
0.8 1.0676162425960114 0.9943809133927024 0.9430439561387082 0.9334962042544874 0.8154296476731552 0.7377361965884185 
0.9 1.1129114763560126 1.0276152970646386 0.9611828290247725 0.9445701054085404 0.8221056924240925 0.7392715614096691 
1.0 1.1528440970374687 1.0523151877540105 0.9840180653482677 0.9561933193726231 0.8292903320476819 0.7405773833020125 
1.1 1.1840766241380551 1.0741759135505076 0.9946048737714315 0.9637040217836704 0.8336153149106633 0.74705048215255 
1.2000000000000002 1.2129799758503117 1.0907461897393407 1.0102593845711516 0.9748699786467051 0.8383074992832918 0.742755155932211 
1.3 1.2366481181544815 1.1093026573002374 1.0199166461286853 0.983894618406645 0.8420348153884495 0.7432273153489861 
1.4000000000000001 1.2502022717256414 1.1196871958306494 1.0322582093877324 0.9933922793455984 0.8463482366888347 0.7406717351512185 
1.5 1.2695326342449798 1.1358560291070192 1.0426137683380734 1.005223342496273 0.8441573889883265 0.7362790762373019 
1.6 1.2868627068171379 1.1490452569531169 1.0476421014172534 1.006148835255848 0.846800094097049 0.7417060963820351 
1.7000000000000002 1.300755400127564 1.1616437002995923 1.0555080318875747 1.0096041882223086 0.8457993664768115 0.7427181872152976 
1.8 1.3101778837685756 1.1641963682095868 1.0578764136914605 1.0139410285106674 0.847881667662824 0.7343822966110322 
1.9000000000000001 1.3249512738704967 1.1786045444341207 1.0648015181913968 1.0150568282444326 0.8465492907869153 0.7409007858341297 
2.0 1.3393044221476487 1.1821410221193849 1.0726956165648498 1.0193458888247904 0.8454470245652763 0.739710700098466 
2.1 1.3542205386211714 1.1866696807427948 1.07343728209375 1.0187724255830108 0.8431373158951752 0.7434560362220614 
2.2 1.3606672665130322 1.1890434233669762 1.0794148196150677 1.0180792943362185 0.84729774628075 0.7402722012543774 
2.3000000000000003 1.3673049673366513 1.1906433249303325 1.0792768591955346 1.0209112577165231 0.8511906572637344 0.7393923620656634 
2.4000000000000004 1.379687291334057 1.1962943042347816 1.0807248099293683 1.0165075594111048 0.8440113683472439 0.738721666316172 
2.5 1.3793532282470127 1.200237907858274 1.0835753081827324 1.019459903652281 0.8426796586656173 0.7361075031328237 
2.6 1.385479594201894 1.2034452384175047 1.0905036298764323 1.0171196465165449 0.854247034557908 0.7390516141085844 
2.7 1.3880463536750962 1.2091068615568785 1.0835883192697264 1.0222531610591121 0.8573542255466715 0.7384473308380981 
2.8000000000000003 1.4000659810008593 1.2138171644606957 1.088178262935844 1.0175802551827182 0.8582607148627924 0.7409487064339599 
2.9000000000000004 1.4019408556747928 1.2107133665324603 1.0868194395320006 1.020901290948094 0.8504173926915684 0.7369434418145983 
3.0 1.4005593066150455 1.2098839934968755 1.0714979197800183 1.0249740564916048 0.8505735264503119 0.7443574343888101 
3.1 1.4072207405616566 1.214364936491799 1.079670720527858 1.0246142953928685 0.8541161182361919 0.7471358269597541 
3.2 1.4107042818549598 1.2188304263708867 1.079946229508722 1.0221263642983878 0.8499259245969694 0.7462445155186361 
3.3000000000000003 1.411306553304223 1.216704150491643 1.0877598260398746 1.0212707860778782 0.8476553537415823 0.7459204516177964 
3.4000000000000004 1.406040743816007 1.2085877352742216 1.085370490318121 1.0242466731873547 0.8464146899612551 0.7455528728062596 
3.5 1.4104860227280458 1.209974375303462 1.0842051342808094 1.018795621640776 0.8425173137876834 0.747384748448066 
3.6 1.4139556112552658 1.2108146286209123 1.0832140670532362 1.0222069408784067 0.8432489113138211 0.7468834073688626 
3.7 1.4162267244105997 1.21123196590894 1.0809781949988466 1.0158948073296474 0.8492210449222015 0.7532777858552753 
3.8000000000000003 1.416249020700963 1.215684365846209 1.0822399010061945 1.0174161926444492 0.8509532321812942 0.7489998981111917 
3.9000000000000004 1.415904170013131 1.2128547273468253 1.0817798378525754 1.0227541377416944 0.8504774400115422 0.7495260860325847 
4.0 1.411604266822965 1.2128035144039435 1.0887022563696616 1.0256202279675244 0.8476909880141162 0.7476196042846375 
4.1000000000000005 1.413100565236656 1.2164968553255062 1.084223343996107 1.0361670142031367 0.8418306245164019 0.750365878073009 
4.2 1.4151975263877832 1.2159100850488902 1.0844275880058902 1.0399079299550746 0.8508737371446641 0.74622901535035 
4.3 1.4297354077655655 1.2204268134835352 1.078250244637309 1.037933536980437 0.8495644011386563 0.7375660990686919 
4.4 1.4336371771929368 1.220684912819655 1.079564186071573 1.0360570898029446 0.8554539474887572 0.7432106708812088 
4.5 1.4337102201521366 1.2169431512679507 1.0890139532499017 1.0274261678128487 0.852838381613461 0.7457389563635622 
4.6000000000000005 1.43832283158826 1.2207148090844877 1.0889297062657708 1.0287394666830532 0.8475060706264106 0.742885400650059 
4.7 1.4355865194023882 1.2247436119490045 1.0886347042241482 1.023743559263337 0.8464438150068679 0.7403800913717733 
4.800000000000001 1.433299509139505 1.2221739850410882 1.0851412054718903 1.029838955269112 0.8496644880874091 0.7380520920663538 
4.9 1.4324818325115325 1.2257759106466055 1.0806417999202806 1.0369911282832571 0.8435556974809777 0.7429611541526278 
5.0 1.4348761992367902 1.2247617079554596 1.0832071792019466 1.037226025792156 0.83846447715628 0.742828226172032 
5.1000000000000005 1.4292365528069817 1.2257428203225973 1.0768218854693643 1.0365575798421514 0.8444020998063065 0.7446121818384449 
5.2 1.4239440819304447 1.2318211546837354 1.0859591760557783 1.0309798166035788 0.8533959290265647 0.7477139464996742 
5.300000000000001 1.4261728006891292 1.2327727918829274 1.090045934536203 1.0326477491882493 0.8603328722302614 0.7497486649917665 
5.4 1.4292617470181905 1.2279426752493139 1.0916005269663598 1.0405957712303113 0.857538648971637 0.7468885029180239 
5.5 1.431298290234303 1.2278739225188724 1.0816589511597539 1.0439877600958543 0.8552395969044739 0.7417573420151881 
5.6000000000000005 1.4323630392044355 1.2219824473565477 1.0897534803176114 1.0443519792018776 0.8495028383833416 0.7414581126525324 
5.7 1.4269630168537975 1.2217605774484477 1.0905521000806493 1.039036402165816 0.8439456936599105 0.7319715783451441 
5.800000000000001 1.4252454069250986 1.2174065001143148 1.0881975376109454 1.0344782251467122 0.8400968207550197 0.7339901275293692 
5.9 1.4309833856023333 1.2155367550394027 1.0904814058450985 1.0305810085926639 0.8441514141102442 0.7432293013145922 
6.0 1.4305901759509034 1.2183149567779026 1.086302663305527 1.0281912292760813 0.8407840474678279 0.7442643550732889 
6.1000000000000005 1.4279960642742484 1.218180163295616 1.091004408559992 1.023616388061793 0.8389703145023706 0.7451101560973963 
6.2 1.4321275336147932 1.2081591257398145 1.0928128791450122 1.0335020747424424 0.8437530714303748 0.740066052943928 
6.300000000000001 1.425534899185294 1.215487566899732 1.093093552121963 1.0227604646149888 0.8444816744493356 0.7496611264989541 
6.4 1.4274416092454847 1.2150216178581792 1.0918607188095328 1.0254886825001994 0.8443661254874721 0.7480613439209852 
6.5 1.4261861344941555 1.2250174099928655 1.0867536093402295 1.0230748066587882 0.8483993731238748 0.7471970156764322 
6.6000000000000005 1.4311963809996666 1.2256150393489076 1.090747650339066 1.0217997813898891 0.8527830837008349 0.7464108945404789 
6.7 1.4287125512040535 1.2238250759974634 1.09089348452769 1.025791032153135 0.8467361804224505 0.7495643219975677 
6.800000000000001 1.4279699328796418 1.2337246685710894 1.0971984773318488 1.0245735278152908 0.8447996025277738 0.7477632173114466 
6.9 1.4275341006168096 1.2305119322433473 1.0982687927871153 1.0251807224600236 0.8478224160628832 0.7464154671305762 
7.0 1.4251918006117932 1.2259783678906444 1.0926435230167764 1.020629622356816 0.847940116560686 0.748803878461938 
7.1000000000000005 1.4307810018752456 1.2272584701867093 1.0892093089872676 1.018001007810443 0.8460634411048554 0.7479672165769533 
7.2 1.4275999655113614 1.2232446124023215 1.0874696663901784 1.0200631171677457 0.8535417557210554 0.7443638745819899 
7.300000000000001 1.4250690726681474 1.217200147829162 1.0828726175782213 1.020181746632007 0.8600439591797636 0.7394987483238691 
7.4 1.420844445272939 1.2217854699570734 1.0883203155615615 1.0250317344925741 0.856074241430482 0.7398063832776851 
7.5 1.42228226854395 1.2235793858946133 1.0953594890551017 1.025500190312371 0.8652644364813482 0.7410084744959059 
7.6000000000000005 1.4229782947501186 1.2200529304718566 1.0957615331927777 1.0280665463772642 0.863240528336789 0.7410844275364847 
7.7 1.4291070948147797 1.2225558719658447 1.0981654270606382 1.0304555290371191 0.8596991531157524 0.7401383592604458 
7.800000000000001 1.4325020972485052 1.2202726693522952 1.0989310556237277 1.0314116336784016 0.8580446423262866 0.7491703717779611 
7.9 1.4327856675015667 1.2162629604630277 1.099548335683374 1.0297383327254452 0.8637077217598644 0.7436854174164834 
8.0 1.4287140252364465 1.2079784296337865 1.093045101429121 1.0304948707398975 0.854328004219865 0.7492001225379794 
8.1 1.4272612663542508 1.2008975756177231 1.08809224739574 1.0257971545472688 0.8587713152733543 0.7446203681999688 
8.200000000000001 1.4302085916361098 1.1987087037372306 1.0880171519192636 1.0293825716655538 0.8560742609851504 0.7387377562488996 
8.3 1.43005102394312 1.2038310494709767 1.0895440464143937 1.0229062220733331 0.8477840182445067 0.7334185008237643 
8.4 1.4268977864398806 1.2055192476993652 1.0918565855324864 1.024927496262948 0.8369667565452958 0.735401738994649 
8.5 1.4280415975981269 1.2038010966625434 1.0906580456552502 1.0285004004273877 0.8439258844934777 0.7419671692050437 
8.6 1.4284276129450084 1.200274856157115 1.080261438768554 1.0229257000547465 0.841916630909982 0.7495183202910934 
8.700000000000001 1.4278739744390343 1.2046276188553156 1.077589964517267 1.0180182550530126 0.8503512175833352 0.7565277625294767 
8.8 1.4273743719956877 1.2097872761151407 1.0725037967893307 1.0173051068885957 0.846280465906658 0.7583103870930608 
8.9 1.42497133931844 1.2141490092751042 1.0790241366989086 1.0194348912415536 0.8445761589303702 0.7530037657013087 
9.0 1.4276860204637405 1.21299015061781 1.083281367651921 1.0262738707883592 0.8416261238346017 0.7559094448193368 
9.1 1.4278345220026074 1.2076437783086293 1.0751596849411662 1.021401840962781 0.8445015022846379 0.7517399152436237 
9.200000000000001 1.4247298088324192 1.209849641573545 1.0769777212286056 1.019593554358371 0.8555864206582297 0.7459542013446296 
9.3 1.4263020306425849 1.2181320332418997 1.0743242785756824 1.0166400080214022 0.8506096638322862 0.7487926155576973 
9.4 1.4281603837519676 1.2135414393044994 1.0761183238230507 1.0175440015218211 0.8471190660935851 0.751268224870935 
9.5 1.4284289354177717 1.205133478911891 1.0729599564476455 1.0206755503634006 0.8478893142465386 0.751987857999254 
9.600000000000001 1.4280119620732215 1.2134645831528297 1.0745946876687256 1.0222191531455616 0.8487551086993711 0.7530195347199237 
9.700000000000001 1.4362063939662746 1.2177055794386469 1.0699933519920748 1.0289209391502678 0.8522851899333145 0.7495106754477068 
9.8 1.4329449094037978 1.2187647267920378 1.0833734929249828 1.0312537068831573 0.8516037668365424 0.7477148230894258 
9.9 1.4342327239307575 1.2180446537654201 1.086197825707493 1.0274170748559344 0.8509186809425412 0.7448551524725582 
10.0 1.4348296072212476 1.227971916329852 1.0830825921137202 1.0255090040785322 0.8508269056095634 0.7518322865399414 
10.100000000000001 1.428898656165048 1.2206653433043246 1.0807001494495818 1.0283619370920987 0.8548512168471787 0.7444926605383294 
10.200000000000001 1.430206123074975 1.2213686723017476 1.0727283372924001 1.0280481243682027 0.8585375403964753 0.7449028025116474 
10.3 1.4299570177363925 1.214872193387062 1.0812862064422173 1.02632937525915 0.8546844255243634 0.7422752984989546 
10.4 1.4330244068759685 1.2108638610611835 1.0772119739555452 1.0316218766674308 0.8598039002488692 0.7441103648041947 
10.5 1.4411643687340288 1.2132695904781206 1.0808067987460097 1.0231123601018663 0.8502347663234019 0.7435384026159564 
10.600000000000001 1.4325143964760587 1.2169958126301468 1.0851421094431848 1.024830215585748 0.8465775436906512 0.7457192711153532 
10.700000000000001 1.4396134504750182 1.216729190046924 1.0827630492319271 1.0324246382858266 0.8462382508841699 0.750504152348088 
10.8 1.4441768655625955 1.214666335468479 1.0741655238883694 1.033985605690194 0.8424306920592963 0.7507876719305585 
10.9 1.4422360327152546 1.2160541352590255 1.0711628615748994 1.0381566642674636 0.847286385787236 0.7462263172857228 
11.0 1.4383304531733694 1.2205885952868827 1.0751311568028472 1.0384333993683803 0.8472021490931186 0.7431845469795961 
11.100000000000001 1.4476071287871384 1.217853977749451 1.0759186605809294 1.0290193436028798 0.8547484616192609 0.7415287065084899 
11.200000000000001 1.4402391591665282 1.2183446056199725 1.0724766093942966 1.0280221301983765 0.8573116874800373 0.7401502092569753 
11.3 1.4439361616233477 1.2149033920160783 1.0717194564848616 1.018598927576792 0.8468125522166449 0.7389433035413551 
11.4 1.44732812206439 1.2191398164954919 1.0796348131078821 1.0221448765592862 0.8450366374302362 0.741953897669466 
11.5 1.4421240929864172 1.2179605756710754 1.0868362427213956 1.0269731519937482 0.8432011844124419 0.7401552202998006 
11.600000000000001 1.4382152893847133 1.2213075650191418 1.0847972114035807 1.031236985927565 0.8486387546297464 0.7467469202213346 
11.700000000000001 1.4374544251098673 1.2258383775007153 1.0788101458929629 1.0264163889201707 0.8466966318477245 0.7470879922224013 
11.8 1.4291355571067537 1.2255023384920003 1.0817739046320674 1.0302596103519197 0.8468258097381012 0.7503691445597191 
11.9 1.4316539492553928 1.2197539579477041 1.07994521146659 1.0368180495626913 0.8431839481101931 0.7518551956379019 
12.0 1.4288630124242891 1.223000314583328 1.0805486410732557 1.0298853705466013 0.839007566540761 0.7522436726030937 
12.100000000000001 1.4163684392054428 1.222910306619137 1.075423223933801 1.0326068336631762 0.8485169091429734 0.7511048993754523 
12.200000000000001 1.4147794867463435 1.2173896710502874 1.0770410528324945 1.0284157825573474 0.8459770492648984 0.7489244926673381 
12.3 1.417612925595471 1.2185553113027918 1.074302033048627 1.0312680432747265 0.8506837924641881 0.7432206406198668 
12.4 1.4160772161023372 1.2211664973825624 1.0719664640120723 1.0279721012287584 0.8514742522067644 0.7397878390017305 
12.5 1.4120629847923496 1.2186087077362502 1.0737744851801123 1.0312573814023807 0.8464911070672497 0.7402309378617057 
12.600000000000001 1.419738476714421 1.2131479406455459 1.0785462849585026 1.0178914632719318 0.8500134468605615 0.7400306479930667 
12.700000000000001 1.4179764309926721 1.2115008530997358 1.0810523864886221 1.0261064839039582 0.8523359864123414 0.7390611605178092 
12.8 1.4190879478922376 1.2215274150304343 1.0853695277661661 1.0290246055529069 0.8504657400069221 0.7377860135017705 
12.9 1.4174288242650295 1.2259926012145312 1.081425045932913 1.0250968059446715 0.8468832737400025 0.7403678675476997 
13.0 1.4157583481932552 1.2292051558962909 1.0735229111570017 1.022823574895113 0.8443903136262068 0.7439419354873696 
13.100000000000001 1.4196330292322321 1.230566951991625 1.0700200084675966 1.017504082214994 0.8452711184565579 0.7406361369053311 
13.200000000000001 1.4179656114529609 1.2275753166355674 1.0689018629032645 1.0193010473428823 0.8461697275231876 0.7427227310533505 
13.3 1.420801389427725 1.2290434838083868 1.0733134061753495 1.0202208263935861 0.8475154961749507 0.7445229180067476 
13.4 1.4108386291533106 1.2342007843140705 1.0620135573431808 1.0222756172926275 0.8488040625709564 0.7412517365897745 
13.5 1.408944378441647 1.231881697972882 1.0696395600064064 1.0195573294809082 0.8489242463488983 0.744604952486444 
13.600000000000001 1.4205392938380816 1.2272390339538073 1.073840933738316 1.020185358846402 0.8583745724470855 0.7495831680538678 
13.700000000000001 1.420099095064022 1.2251019524951816 1.075037150218291 1.0182279808912496 0.8570353381086966 0.753249340951312 
13.8 1.4221087452052732 1.2305043420517043 1.069166309315182 1.0136247026402134 0.8511162149098257 0.750660254597906 
13.9 1.4247427561026444 1.2308172378700042 1.065421405159574 1.0156998243793642 0.8505150735643251 0.743914085144091 
14.0 1.4236427047582623 1.2370633927191066 1.0686255067434987 1.0190485264419917 0.8473211775832563 0.745664844649534 
14.100000000000001 1.4315346249863268 1.233287767999877 1.073320471004966 1.021530528212575 0.8483700209692443 0.7424879658024663 
14.200000000000001 1.4353072808236167 1.2278295880179204 1.0733206487348994 1.0245353369078614 0.8440419454452158 0.7408110053594602 
14.3 1.4289916664570916 1.2216354410133794 1.0819620717026728 1.0285603049104517 0.8457844258460053 0.7415928973049697 
14.4 1.427125414736525 1.2189364393341637 1.0799920436304664 1.0219715651592025 0.8442814089760615 0.7369787314343399 
14.5 1.4239658110646887 1.2149196917992926 1.0850400791858164 1.0145942398482548 0.8396305355696501 0.7411969535984285 
14.600000000000001 1.4289158991266426 1.2155429784992018 1.0778593246807298 1.0207794533178303 0.8442056611701502 0.7417611963023478 
14.700000000000001 1.424554295564701 1.2147236690842769 1.0703348635559513 1.019510636776873 0.8477565656255035 0.7421299156528638 
14.8 1.4223485364385757 1.2124114477016446 1.072292117235931 1.0186827244537862 0.8481040818803258 0.7379478888247983 
14.9 1.418827171364283 1.2041526816187627 1.076550069635511 1.0188428649159555 0.8429488898643621 0.7407236789035815 
15.0 1.4186127264879822 1.2039908171804246 1.0732918531524773 1.0206452667264794 0.8545255155667141 0.7478837031926814 
15.100000000000001 1.4199463815696785 1.2092667108280255 1.0782240141083768 1.0205236958962196 0.8559286794548028 0.7485600703926127 
15.200000000000001 1.4172280147004543 1.2169546924091093 1.0760433612156681 1.0207887718159832 0.8563418327782079 0.7439463600751793 
15.3 1.4188302892287588 1.212085334568284 1.0807301343125957 1.0195339343302685 0.849774564170502 0.7549417492173445 
15.4 1.4200569431080827 1.2121446784253653 1.0823788607708622 1.0222382466775404 0.8468373095938412 0.7465967019881349 
15.5 1.415756209505115 1.2134795262028935 1.0773557548608435 1.026246773020822 0.8442169094703151 0.7499993007545943 
15.600000000000001 1.4111170486928226 1.2133194053875906 1.0753098841142383 1.0246935706901754 0.8455632548098678 0.7522878065734686 
15.700000000000001 1.408996747919749 1.1998383120489844 1.0684354810018983 1.0219678950433808 0.8466139630981255 0.7513465841949535 
15.8 1.4109479102760993 1.1985405076970301 1.0689919303456816 1.0183945899312006 0.8484287265174814 0.7447701503539861 
15.9 1.4105206246355086 1.1959261955519034 1.0744557256935134 1.0215644722915442 0.8511070787780353 0.7485221211977626 
16.0 1.407324533671498 1.205174235781149 1.0784311866413103 1.0109023162530655 0.8510777365490102 0.7424181091626595 
16.1 1.4070283591272923 1.2122163510891228 1.0834852732923692 1.0168452732765179 0.8590847904522075 0.7390007902176957 
16.2 1.4064966371157064 1.2105725795039604 1.0920377178226428 1.0186587454274811 0.8577684696817138 0.7412869675948722 
16.3 1.4052687584147296 1.2141654029553408 1.0887914073201435 1.0288448233848957 0.8553023709876041 0.7469194398584981 
16.400000000000002 1.399333513965207 1.2127774953517714 1.0925479118490735 1.031074960391943 0.8487213188563941 0.745489306659491 
16.5 1.4033493925893505 1.2120051855915173 1.086453818529889 1.0338536961763438 0.8525022260523227 0.7394989081107042 
16.6 1.4116242698405617 1.2088221750444532 1.0822303684675263 1.0308622805014813 0.8523488230560327 0.7439867643856987 
16.7 1.420921964945973 1.2092910862524817 1.0890443180791416 1.0287366981461195 0.848990981902868 0.7433820113670118 
16.8 1.4175678650521504 1.2081681962312687 1.0856255481114538 1.0328227379442791 0.8576164152686073 0.7448166054864808 
16.900000000000002 1.413294833964992 1.2075247750107643 1.0795069427500557 1.034423056031175 0.8519598588862826 0.7370509551646577 
17.0 1.4121929758964094 1.2075610404986659 1.0761432142205702 1.0340017116576201 0.8504752053797412 0.7288578197388409 
17.1 1.419535068537224 1.2160924551752101 1.0739185661365551 1.034171094938978 0.8507966607123616 0.7315369681785945 
17.2 1.4130267857008612 1.2163041403082446 1.0716660603975763 1.0354055654950938 0.8500413315355189 0.733323935080013 
17.3 1.4093206505552403 1.2167098827679497 1.0672916918499717 1.03387072222407 0.8511835750367657 0.7382737258062502 
17.400000000000002 1.412220439376216 1.2158922394716303 1.068480732438094 1.034802031575864 0.847645208622143 0.7391007246745416 
17.5 1.4153700190874479 1.2268636184013608 1.0704652329040216 1.0355084180358296 0.844473659177636 0.746507361174306 
17.6 1.4169787609183866 1.2225154333770916 1.0736628260579129 1.0342527032324744 0.8456882946734995 0.743113156617633 
17.7 1.416937058246181 1.2198899098012996 1.0752846391129587 1.0339856252183235 0.8382281639875264 0.744231336209858 
17.8 1.4202041219716108 1.230969559109402 1.0716321767391606 1.0358075731926015 0.842323523752821 0.7450428323404558 
17.900000000000002 1.4226704712189702 1.225318666796852 1.064289240899017 1.0326281640128803 0.8498487835169919 0.7376090243699179 
18.0 1.411046463051399 1.228704177356246 1.073966597949337 1.028133162728978 0.8516162382086957 0.7408031651361031 
18.1 1.4047682415369533 1.2317056139876772 1.0743543416741572 1.0299845970308312 0.861620230253425 0.7441187273418107 
18.2 1.415319811883024 1.2329821083353687 1.0734716442640704 1.0325432278526243 0.8446305061522015 0.7390794141104898 
18.3 1.423921351055468 1.2341599390451865 1.0699394386681205 1.0353529689656216 0.8443228486323804 0.7422992658443254 
18.400000000000002 1.428379229216557 1.229229271696712 1.0669776967468019 1.0297966286611009 0.8373812756375117 0.7397034224886687 
18.5 1.431840362802438 1.2343781743006799 1.0647220253900038 1.0350487699500974 0.8384845034650523 0.7438036629664248 
18.6 1.432220423097135 1.241323925234503 1.0615740254176687 1.0316109095476156 0.8389657902241 0.7366870600479498 
18.7 1.4320923019603158 1.2413557745612567 1.067500690414586 1.024178882514226 0.8392061640205966 0.7376631906206079 
18.8 1.4344770636781368 1.2333278371809697 1.0685874880912507 1.0232214764435168 0.8374048671188432 0.7340351199255679 
18.900000000000002 1.4268416269267206 1.230374746483211 1.0692625715306325 1.017358556888564 0.8439642311342305 0.7374166776769697 
19.0 1.431459750005868 1.230051485207775 1.0787179603143338 1.020495777393824 0.8479089837172825 0.7476511990223254 
19.1 1.4331000332442583 1.2256387452058697 1.0765782825444161 1.0182073491377168 0.8514571594385025 0.7505392860916204 
19.200000000000003 1.4288881886439118 1.2251280004483134 1.0758285955762201 1.0161697121762048 0.8524592737543777 0.7475367214341391 
19.3 1.4302778681715607 1.2250023660825013 1.073891187616243 1.0208006542090917 0.8502702128319899 0.7460585533482793 
19.400000000000002 1.4271891217493708 1.2169765664563779 1.0658577448971174 1.0072588993822778 0.8536383047829056 0.7473475884467646 
19.5 1.4290474906680608 1.21381445514995 1.0674910064839744 1.0095272662745585 0.8502529758477777 0.7520092359380942 
19.6 1.433452234645232 1.2044376887055888 1.070105512153677 1.010815039166956 0.8470159581729534 0.7539458890290074 
19.700000000000003 1.431373809223154 1.2062332638109194 1.0695855306547797 1.0049651463387217 0.8472462499605671 0.7536537548980432 
19.8 1.4398603961502774 1.2016904098514072 1.0724227089914005 1.0075436599331178 0.849527729390644 0.7527208271405278 
19.900000000000002 1.4344104857644482 1.2076120464957654 1.0775203164844762 1.0034355264988783 0.8487580460324131 0.7468659608163912 
20.0 1.4326148487213355 1.216013221304926 1.0823484718148717 1.0107331532922192 0.848393941520149 0.7558758479258103 
20.1 1.428145922792563 1.2148665125339833 1.08435290249391 1.010600039995588 0.8511725532288146 0.7485539674130531 
20.200000000000003 1.4223939120176352 1.2118358064667272 1.0801793347824402 1.013390314035498 0.8610221163606555 0.74721009509738 
20.3 1.4241767909640644 1.2091773293036152 1.0870895591368162 1.0188261946367356 0.8521266300953823 0.7514326763630403 
20.400000000000002 1.4305113276265482 1.2074044320825519 1.087760589010781 1.0254345999484518 0.8480212958671238 0.7519233247194925 
20.5 1.4354942895542169 1.20519637952318 1.0806357996411282 1.0236457665657566 0.8458132436545925 0.746266232074616 
20.6 1.4275128424155619 1.208667494199343 1.0768024747482972 1.0233785831387712 0.8398769495423586 0.7483164039714468 
20.700000000000003 1.429748466672399 1.2125410268150372 1.0745229259569993 1.0163239051702622 0.8416940956027847 0.7454055067309487 
20.8 1.4398488582546387 1.2208779536780014 1.07901493148012 1.0131112073145971 0.8478859832160184 0.739910903814022 
20.900000000000002 1.439377830076094 1.2147874822949092 1.0770444655590767 1.0169068558531174 0.8433710757594444 0.7415617070477784 
21.0 1.4414847755869236 1.2075577666179955 1.081816750976665 1.0175127435109155 0.8453666322828759 0.7433070067117998 
21.1 1.4412993149977058 1.2008220118080835 1.0894441296837463 1.0233698819752481 0.8524446797679505 0.7472422683709746 
21.200000000000003 1.4366409230452875 1.2010541721578332 1.089010540453756 1.0238357172455732 0.8519668100539846 0.7398751975253607 
21.3 1.4393368692581776 1.203242806392468 1.0917640566156708 1.021570990740613 0.8493819439636453 0.7499703807653564 
21.400000000000002 1.445358677893571 1.2084456188361057 1.0892451379257804 1.022533934680561 0.8565060164572336 0.7515310033861242 
21.5 1.4484124494267978 1.1982315838014057 1.0861168929157259 1.0276462086993297 0.8569075776192249 0.7419663018311784 
21.6 1.4500634947382318 1.1964481956773907 1.094547073108898 1.031706173096476 0.8565649209829196 0.739098590037074 
21.700000000000003 1.4405316451941992 1.195629944951092 1.0889058330573267 1.0316892540642808 0.8550441691739066 0.7419372893927099 
21.8 1.442343531749311 1.1939578931015973 1.0787176970378412 1.032953857592636 0.8530959004236287 0.738267660938394 
21.900000000000002 1.4369937298376936 1.2016797465953764 1.076019846533207 1.0395926364348298 0.8464946524709756 0.7345706075201159 
22.0 1.436826970950497 1.1957273152071 1.0747663843375648 1.0366109880819712 0.8467881579026879 0.7398612862711275 
22.1 1.4320382178809496 1.1990619161609082 1.0764073347336167 1.0335784848354044 0.8565625698225918 0.7446168250820109 
22.200000000000003 1.4284188677766478 1.1999673938967077 1.0779066725821738 1.0327212921858775 0.8636882875684434 0.7459091878158021 
22.3 1.4264844011571471 1.204400064289975 1.0742016603181763 1.0230767045716327 0.8590530799426609 0.7439151877658907 
22.400000000000002 1.423098366851546 1.1998295662468592 1.068593326904766 1.0295521536341967 0.8571111392477404 0.7460794189076759 
22.5 1.413278376033653 1.2018817011273881 1.0696598537256703 1.034691707667891 0.8523555317399595 0.748552367491842 
22.6 1.4158261975238209 1.2058149636197737 1.0726421982869725 1.0331333825591313 0.8516904647782828 0.7441696994146214 
22.700000000000003 1.4220148833430224 1.206353238451818 1.075766872903364 1.0292771453874572 0.8536836636565229 0.7476196022899577 
22.8 1.4209551869912722 1.2146287534453744 1.071157375080733 1.0172160086588582 0.8415897683159265 0.7448455589562393 
22.900000000000002 1.4233759942399866 1.2138073808613623 1.0705402654695602 1.0146990738681567 0.842894822861219 0.7441877533190622 
23.0 1.4202719430503576 1.2084899277890562 1.0770926671628365 1.0187292533360621 0.8437879507937441 0.7524188178990708 
23.1 1.4229123041056921 1.2046812763868013 1.082198537529765 1.0065992642984927 0.8420552753857075 0.7522222191213398 
23.200000000000003 1.4253994591309957 1.209918679067795 1.089211409135555 1.013079104657196 0.8486042186662927 0.7469738823246023 
23.3 1.424726554736116 1.2191465769121907 1.0957468013281058 1.0155080977667712 0.8526346579359573 0.7470638181671648 
23.400000000000002 1.4322312814815552 1.2124777779700382 1.0875261847739925 1.0092668947128929 0.8537669572382446 0.7431016968350177 
23.5 1.421421803581235 1.215427893682736 1.089925852795073 1.0166886145376863 0.8516903827230743 0.7452917282662496 
23.6 1.4194009836352497 1.2106238948514558 1.0829829129022823 1.0169801333111657 0.8533326250311186 0.7436789910117068 
23.700000000000003 1.4236043308726365 1.2173642598300034 1.074938727528876 1.0144777985497382 0.8531487333644219 0.7443776334288318 
23.8 1.4220684194968782 1.2296844128618523 1.0725353073812458 1.008715413166292 0.8554843705173948 0.7475585259704725 
23.900000000000002 1.4216600520861908 1.2298038643205962 1.075757839293177 1.0087240531145554 0.8569633435844959 0.7521844560849581 
24.0 1.4247331889593142 1.221319071679034 1.0732839346590453 1.019741420103291 0.8631044362280249 0.7496214557976765 
24.1 1.4216025688855216 1.2219124401042067 1.0785231694541366 1.02027511570639 0.8600249526872447 0.7456509827770351 
24.200000000000003 1.4237792021840245 1.2210614489293312 1.0762712276373805 1.025509489076175 0.8608547768532706 0.7495095442928024 
24.3 1.4100392475326209 1.2237981077815718 1.0793526063783283 1.02443387474752 0.8563011273284717 0.7456267104945853 
24.400000000000002 1.4120414770934886 1.2235012343752587 1.0743168639136749 1.0235954196685106 0.8527377373308206 0.7452358292992078 
24.5 1.4123027810632993 1.227084916651884 1.076027229254506 1.0218757829192808 0.8609721620978766 0.7510185581797664 
24.6 1.4052763721416934 1.2238233652684813 1.0850514251130015 1.0246051315695468 0.8510789423014984 0.7537264594538644 
24.700000000000003 1.405211422203732 1.2254275378328614 1.0854492751540614 1.0217931653596752 0.8493294410593576 0.7471978385349073 
24.8 1.4031946580465928 1.2199971773010467 1.0871132281827078 1.017402270639641 0.8476384112231388 0.7442010939937311 
24.900000000000002 1.4091348522873917 1.2158244662912845 1.0836909149302274 1.0183089188035968 0.84532336494589 0.7446666133318676 
25.0 1.4103005818792715 1.2150487497143976 1.0774998762406205 1.0153328785139357 0.8408292042578964 0.738471017206789 
25.1 1.410798002424043 1.2142744307077018 1.0825901599456458 1.0179143464892402 0.8465041716601094 0.7434832547803218 
25.200000000000003 1.414440046223455 1.2174060612157018 1.0901017628409178 1.0263315822520542 0.8433941175031394 0.7510037026044889 
25.3 1.4154168224836783 1.2179137962821887 1.0885402563354738 1.022744387767107 0.8498691510928453 0.743488527701762 
25.400000000000002 1.4067420980067777 1.2168041464091217 1.0901645745459734 1.0252755458144103 0.847277261760897 0.7449111327984066 
25.5 1.412706453982777 1.2157379363008503 1.0848780868176067 1.030479571782515 0.8463128781240268 0.7410559512802023 
25.6 1.419341482304944 1.212791999556542 1.0818713586962747 1.0324909714127566 0.8456869712769537 0.7382653615273993 
25.700000000000003 1.4225196924621313 1.2121879204938073 1.0812403978453957 1.032337473749446 0.8469719614697344 0.7449733879889834 
25.8 1.4195645070767222 1.2116450553603328 1.0784755086069229 1.0324981691311417 0.8498859545119982 0.7428839960227506 
25.900000000000002 1.4201625218349763 1.2125988576459603 1.0780230606646115 1.0226809750893842 0.8429659031044343 0.7385347849830752 
26.0 1.4241532267652246 1.2122134499804122 1.0746774629761155 1.0201439201054807 0.8383336027261609 0.7459043602644215 
26.1 1.422623321503445 1.2091061081609031 1.0832909275246303 1.0186706062623616 0.835921693823873 0.7440601134774201 
26.200000000000003 1.4226797695308333 1.2091873308738887 1.0844620070071025 1.0243222745002825 0.8445873976168318 0.7457664377807082 
26.3 1.4216241883826286 1.2120356513725017 1.0825356888506494 1.0252762562770705 0.8533764638779249 0.7436283898260042 
26.400000000000002 1.4200097707300738 1.2106023270139674 1.0813872116838492 1.0263151434027291 0.847627358294591 0.7519159604596456 
26.5 1.4288833506641878 1.217834219760135 1.0876817090143833 1.036837747120945 0.8491445555261466 0.7437891745717351 
26.6 1.4353613240388192 1.2170068372505092 1.0838122755893171 1.0339398961998476 0.8522510311519784 0.7467533205426906 
26.700000000000003 1.4347648229456151 1.2242826696655424 1.0848279711503765 1.0337331830137526 0.8486219161794396 0.7474295835737605 
26.8 1.4309581535636644 1.2221408428440528 1.0898399040777664 1.02771008932213 0.8492348015000493 0.752408309159409 
26.900000000000002 1.4240538797803866 1.226926431765915 1.0967197892283018 1.0242095252469938 0.8445296099305514 0.7501914400861622 
27.0 1.425806145376432 1.225670661436208 1.0957768936740442 1.0183157418132627 0.8462895472013899 0.7466476898653036 
27.1 1.4266689944223057 1.2274958948613541 1.0941827861979854 1.0148765563933089 0.8554521060928139 0.7454213274394427 
27.200000000000003 1.4259944189601717 1.2258641715360046 1.0938406171959907 1.0167330633379026 0.8553175344882767 0.7413294755031358 
27.3 1.427432671425468 1.218484519558732 1.0925930778112667 1.0163196440072897 0.8479757607034665 0.7473060301137632 
27.400000000000002 1.4266239365438316 1.2229534983899728 1.0864937691888084 1.01613020267377 0.8449310724911169 0.7580160305589279 
27.5 1.4298579287255944 1.2238370818654376 1.074439719810236 1.0095499662667256 0.8537370459202287 0.7582861323129307 
27.6 1.4212088630790018 1.2234890117459054 1.0714893360980948 1.0150151464927337 0.8524716888017224 0.7539034245925843 
27.700000000000003 1.4185889102133926 1.2238268192646276 1.0679366899482337 1.0135412845213787 0.8547777626787878 0.7418661946325598 
27.8 1.40884383957498 1.2261326116294904 1.0719282453056092 1.0151228813871116 0.8504055181705501 0.7404170696377074 
27.900000000000002 1.4065918429646824 1.2257532050649196 1.075531758260911 1.0127075724559462 0.846494216488938 0.7449278374561952 
28.0 1.4127052838296736 1.220178305428959 1.0769688201162648 1.019703672851763 0.8536908255072887 0.7410145522977488 
28.1 1.4126701447414434 1.2173447347035173 1.0771443840917303 1.0156466757385658 0.8563613373686288 0.7355884613110333 
28.200000000000003 1.4157681400895308 1.2264073183932278 1.0781678272149544 1.0141930247692565 0.8539197643121823 0.7358854350216513 
28.3 1.4207717453826307 1.22949717678507 1.0775396241236674 1.0085394457096768 0.851736020617867 0.7360576601361011 
28.400000000000002 1.4154663527470648 1.2277208828209465 1.0778276595445795 1.0161187945557013 0.8443732774036662 0.7385245329312888 
28.5 1.4234591064102977 1.2199884120078608 1.0791300212977348 1.015066751404797 0.8445428320373967 0.7430946378563619 
28.6 1.4222344408137573 1.22022885426414 1.0753211071333748 1.0181351900472928 0.8390466081238966 0.746311591268177 
28.700000000000003 1.4208922777866957 1.219528075248626 1.0765694465337379 1.020759308501687 0.8341399995940548 0.7468515520414807 
28.8 1.4220532306707314 1.2169679132338365 1.0797037369161515 1.0195898006730046 0.8388564854425852 0.7515146366600722 
28.900000000000002 1.4230994851649807 1.22135313105549 1.0847959266272276 1.0195375922469894 0.8416438235894874 0.7484851776131723 
29.0 1.42526077589907 1.219351066197006 1.0734447039693586 1.0127063070232944 0.8417261414678869 0.7439591156639599 
29.1 1.4242283596603396 1.219055854700719 1.0747306274446755 1.0119985887034562 0.8419145535742345 0.7496660004556404 
29.200000000000003 1.4248575248789423 1.2202078163681276 1.0792401063522739 1.0195253811670753 0.8444461607459465 0.7464657559889608 
29.3 1.4230646965977123 1.2178879695152616 1.0802906376638501 1.0271551863116961 0.8441613902810913 0.7471700988667633 
29.400000000000002 1.4230737394653135 1.2110471258025863 1.084678381818503 1.0334944944677669 0.8426341417900043 0.7485791219058047 
29.5 1.4219229245570604 1.2157957474636683 1.0888494902062111 1.0293730893700135 0.8441490735821193 0.7472274700357656 
29.6 1.4333252923230224 1.226531889797146 1.0889207630351865 1.0320006298963234 0.8486000660109416 0.7500537368474692 
29.700000000000003 1.438270877586601 1.224460573972333 1.0931074812796178 1.03053960951525 0.8500085487249289 0.7476010162926994 
29.8 1.4387115330148443 1.2256185888917377 1.0863410259014064 1.0274229489057187 0.8490647408616626 0.7437120896465839 
29.900000000000002 1.4378786045482628 1.2238907002397872 1.0873324307774292 1.0242698193284805 0.8453894901220078 0.7425538400228562 
30.0 1.4369736460462457 1.2242696980123269 1.087142992931004 1.0260320363282505 0.8491016481950762 0.7460640462702006 
30.1 1.4406224245402985 1.2281778764006708 1.0811688983455634 1.024210954334828 0.8517209887805033 0.7361813718070008 
30.200000000000003 1.4420085153303068 1.2215256069490454 1.07333485474477 1.0290746691411992 0.8533506065708703 0.7475415251921754 
30.3 1.4278662139960716 1.22857396756987 1.076155394210535 1.0301345641916944 0.8521604380323445 0.743253595469615 
30.400000000000002 1.4337646458347142 1.2227478502987397 1.0722763693554513 1.0359028334322913 0.8534060637306526 0.7442069754101936 
30.5 1.4321372502754925 1.2305301862256717 1.0792365149470577 1.0379181624476708 0.8514768814351429 0.7471772345342577 
30.6 1.4273331493576489 1.224025443821415 1.0796239973814865 1.032976135486463 0.8503261660765056 0.7483468448653035 
30.700000000000003 1.4279288919262327 1.2257526383631334 1.0793443314344773 1.0348484420947177 0.844223505470084 0.7460774929227926 
30.8 1.4274557828053314 1.2256422723918163 1.077388714447922 1.0363285578206483 0.8413939108104395 0.7475242708331755 
30.900000000000002 1.4226379592511507 1.2245705236781375 1.080623779554164 1.0330188456182652 0.8478778400690418 0.7511076258309748 
31.0 1.423268859045611 1.2241082887107193 1.0864219827083699 1.0330769843763006 0.8386080749195629 0.7495580251871128 
31.1 1.4198068148515472 1.217515936295706 1.0819014859387885 1.031913555943378 0.8435460066697305 0.7534703822436893 
31.200000000000003 1.430131077193554 1.220886995322109 1.0787206870496686 1.0312779450210727 0.8363676014932022 0.7511071490925654 
31.3 1.4242586533780415 1.2227686966472824 1.0731025969622403 1.0375965465292534 0.8466060784973402 0.7455803526205735 
31.400000000000002 1.4242093846333912 1.2249898047531294 1.0803010323384517 1.0390251347331978 0.8510084601907985 0.7456042738464622 
31.5 1.4324693265758721 1.2191995316968331 1.0762352426978516 1.037347302342349 0.8415404364658582 0.7507248786004048 
31.6 1.4298083975950846 1.212731680150114 1.077169388945516 1.0334234547075667 0.8450625656030101 0.7478714497430717 
31.700000000000003 1.4372219744982542 1.215111881224798 1.0821641580869286 1.037102215079046 0.8471195549817834 0.74458526560891 
31.8 1.433202543274876 1.2072360154553978 1.0830575409463974 1.034384721126031 0.8490181910285127 0.736841052837757 
31.900000000000002 1.4313622702610256 1.2097377726384473 1.0831229879227906 1.0352559775815584 0.8454847481675367 0.7385209977934655 
32.0 1.4328730410327672 1.209775321021237 1.073856139851329 1.0393418479141507 0.8471290264068722 0.7349069152303155 
32.1 1.4314308696803166 1.2114350279943091 1.071318342919455 1.0307739913158858 0.8433067651147842 0.7356441838262175 
32.2 1.4336159438996179 1.2187438914363393 1.0719266906824998 1.026365083846535 0.8434568838483469 0.7426445501891727 
32.300000000000004 1.4341943255475886 1.2195691864901927 1.0698491410702629 1.0294363058463811 0.849078219562196 0.7381809217754971 
32.4 1.4383998698901126 1.2146176671718538 1.0713975381503604 1.034876544179969 0.8507885612891812 0.742359268718839 
32.5 1.4348760103373706 1.2115311735648244 1.0705395923894963 1.035431150790755 0.8527292993887173 0.7468803928840845 
32.6 1.4365644092290355 1.2089358340643122 1.0793385231059227 1.0409205940372603 0.856890186091119 0.7462052115244195 
32.7 1.4342690907389928 1.2014628785386996 1.0761656022972774 1.0365250656697276 0.8573297697418685 0.7440879369018527 
32.800000000000004 1.4398536838671017 1.1976629626418447 1.0806990556020397 1.0365170312981231 0.8578407860157024 0.7462777844382623 
32.9 1.4462648893839 1.2029054543381061 1.0780116691461348 1.029123420406969 0.8566594561530328 0.7490947968078295 
33.0 1.4462928360561467 1.2074900597135398 1.0846459795403358 1.031145016443424 0.86021633780662 0.750984993443474 
33.1 1.4463820820521363 1.2015750067799926 1.0792144739929015 1.0327386483748953 0.850164351296829 0.7528970296142576 
33.2 1.4534385454035144 1.2048997182214016 1.081711133302238 1.0312220741598772 0.8562033085149237 0.7479542435499504 
33.300000000000004 1.4552429788648802 1.2017585405174593 1.0827132437737916 1.0276828299569416 0.8532164146293926 0.754406779406858 
33.4 1.4572268219376059 1.1997652453447913 1.0812874244949204 1.0327732953075173 0.8546415990991583 0.7494423087286876 
33.5 1.4547944087711007 1.1987704530168026 1.0819348699910478 1.0366644706524781 0.8497169513372569 0.749438469606879 
33.6 1.4495156733217174 1.2051666418406026 1.0792580923245723 1.0325063103960812 0.8443129128084627 0.7505213958591361 
33.7 1.446963689389802 1.2054610870087425 1.0816286695196584 1.0277463278709258 0.8452107666461632 0.7496422124319836 
33.800000000000004 1.4473976118408585 1.211000165453859 1.0862171023122813 1.01900867108672 0.8415097195355941 0.7463590872326403 
33.9 1.4499198920560639 1.2151533655926732 1.076285449340318 1.0166718169941467 0.8408696631292133 0.7502734307138799 
34.0 1.4486120750465992 1.2157352399514867 1.0718474218849041 1.0256447558971684 0.8455742909600544 0.748756347153912 
34.1 1.441066910029178 1.2126193631438884 1.0759297817831168 1.0247613509903988 0.8377473821733147 0.7382520092672454 
34.2 1.4397562873289114 1.2150266226473305 1.075437549534169 1.0301223021220238 0.8396779677991798 0.7375781393793251 
34.300000000000004 1.446325105619672 1.217125822771588 1.078282947134903 1.0286510851483328 0.8459147363714355 0.7456851244623683 
34.4 1.4458889974355493 1.2157289558097402 1.0858391806140693 1.0194665404395031 0.8461448853705039 0.7456388844706552 
34.5 1.4511246826232167 1.2230421155972804 1.0841886903736344 1.0219281438426375 0.838863180900233 0.742487331989618 
34.6 1.4423111263505908 1.2215985202752349 1.0902845455976828 1.020573703362723 0.8422939409602755 0.745650598309381 
34.7 1.4356355896527322 1.2218880647982242 1.0886140267787217 1.0264426211293451 0.854238616381553 0.745988272258288 
34.800000000000004 1.4339703987821117 1.221852059009937 1.086787192020128 1.0226018650231723 0.8510958623666437 0.7507568043796835 
34.9 1.432853878869523 1.2251134578296818 1.0905493305963496 1.016946822846667 0.8537881812346576 0.7477571466874687 
35.0 1.4340591781558627 1.2195419361644675 1.094025754500233 1.0186873037726099 0.8516499598941724 0.7475400594895946 
35.1 1.434438614829348 1.2294376978874297 1.0993511998311174 1.0214689628710363 0.8490296117377165 0.7510753947793052 
35.2 1.4338578231055783 1.230179051476395 1.0974599143504586 1.0179531051224489 0.846738347786901 0.7518588886482489 
35.300000000000004 1.4377379344584271 1.2279390362942124 1.0961516716997277 1.0143144543765363 0.8483482209066716 0.749189590175471 
35.4 1.4296279145536388 1.224341403667725 1.0898375008119394 1.0169121328711541 0.8538603761257938 0.7449147096023406 
35.5 1.4242635655102263 1.2206851966927574 1.0823599421066836 1.01905692161064 0.8515405689322607 0.7405977178872716 
35.6 1.4261708710789769 1.2194694478040429 1.0850944496840926 1.015492035988743 0.8493552487320879 0.73538672909055 
35.7 1.4232687633254837 1.2120676354411593 1.0836761235459405 1.0185008927713144 0.851364825421088 0.7364778551603046 
35.800000000000004 1.4237068196664664 1.2168738067035803 1.0754554022324352 1.0141037233895829 0.8488610483550668 0.7407924629784095 
35.9 1.4278870470378597 1.2162485365831084 1.073102954442496 1.0150419071245353 0.8452346853867965 0.7427905048706543 
36.0 1.418750016401153 1.2224674370212774 1.0780736774090909 1.0183607511054187 0.8467480256262002 0.7424494908141835 
36.1 1.4188409761130667 1.2250634344405376 1.077215795290438 1.0216277453851086 0.8537405901518459 0.7367732617375686 
36.2 1.4213522729720878 1.2191556595847115 1.0785672328193663 1.0280706375563218 0.8492619438585832 0.7424763039265718 
36.300000000000004 1.423215356646002 1.2101078287467013 1.0703817116501766 1.0318858285461858 0.8530359145709712 0.7481697941123957 
36.4 1.4217041079583737 1.2148876163772333 1.069539179059044 1.0282795646732756 0.8478664612967372 0.7435967984174534 
36.5 1.4228884359503922 1.2077782654475033 1.0735673697219508 1.0303048216928077 0.8459512298002217 0.7405186826402845 
36.6 1.426180887568437 1.2109130732387319 1.0704661513088758 1.0180682176103064 0.8528046711030444 0.7435756091686095 
36.7 1.4343298022894957 1.208607451355599 1.0744714245166853 1.0123387214244541 0.8466273860220624 0.7470025245604668 
36.800000000000004 1.4352100546456084 1.2041743837565915 1.0702998218509934 1.015034388865963 0.8551328680578639 0.7449162574846746 
36.9 1.4384283484367888 1.2032316312899543 1.0766047045529838 1.0100079321653634 0.8507876800677884 0.7394182932539322 
37.0 1.4375439020359524 1.203436543141514 1.068416852278198 1.01259767488374 0.8513270979422866 0.7340201909005348 
37.1 1.441873327955171 1.1964642163020118 1.066577971060815 1.0104372518046187 0.8537935456240031 0.7348214228119877 
37.2 1.4440940298704876 1.2010200411507914 1.0665831439582856 1.0076942157451017 0.8537170922248997 0.7463871334323761 
37.300000000000004 1.4379607171697653 1.2109170262984812 1.0677655860268245 1.0048854413348964 0.8533186568068657 0.7491745361652429 
37.4 1.4322674031319629 1.2149943226293511 1.069349025603768 1.0127224720470078 0.850074307071642 0.7450990905626688 
37.5 1.4358188545001436 1.218110213198536 1.0782369154902154 1.0169692734023807 0.8478190684988214 0.7435555769175258 
37.6 1.4309227231384576 1.2177112389554152 1.0740517039539317 1.0123374240926497 0.8481273251150201 0.7515828878207118 
37.7 1.426422725546362 1.2108830725989514 1.0786861975012911 1.0160157169022175 0.845781369772739 0.7464089679134978 
37.800000000000004 1.4271425345038884 1.2097237675011885 1.0826392683880455 1.0180291504446144 0.8412017186823807 0.7488071795178206 
37.9 1.425420048086843 1.2199733708771883 1.0814492094350656 1.0217737532297513 0.8410103032033953 0.751492605881923 
38.0 1.4337410160418618 1.2179589571639495 1.0777259949063056 1.019408308397494 0.8413380857320196 0.740101859766933 
38.1 1.4307354440925362 1.213215752570606 1.0822957124420178 1.0212409661198698 0.846680522382726 0.7380920356835649 
38.2 1.4292613228421165 1.2070474043534989 1.0739502709443227 1.0159008281194903 0.8455807908454648 0.7396159763317371 
38.300000000000004 1.4287489970387097 1.2072734961346978 1.0797280143526806 1.0177901481807499 0.8505403604355972 0.7430008124275319 
38.400000000000006 1.4351120313117085 1.20394288680172 1.080306507158055 1.0250635001280797 0.8442069234770302 0.746746046945649 
38.5 1.4402571231907546 1.1998175142189538 1.0783796616282935 1.0217119230069724 0.8424005311769476 0.7392478589062392 
38.6 1.4383699732086055 1.2080359147276865 1.0732762655502273 1.0243689560713574 0.8466668936092189 0.7363259517960884 
38.7 1.4399020939217866 1.2119256914510552 1.0672250881615764 1.0279578370396274 0.8493088059929669 0.746369661658878 
38.800000000000004 1.4377281494202767 1.2116224538249016 1.0666883112908823 1.0220482957683816 0.850445725021231 0.7476480056812388 
38.900000000000006 1.4416045031677187 1.2149651348487769 1.06417431757223 1.0246552402253206 0.8504786197011265 0.7421561528543282 
39.0 1.4457376132245947 1.213312063507017 1.0655414544267268 1.0275296332225163 0.8513489577584006 0.7475658178384462 
39.1 1.442588288540778 1.2161532693154058 1.074356069915911 1.0246235290735812 0.8552710293471307 0.743116306303973 
39.2 1.4427941591924687 1.2144479620213593 1.073325843915342 1.0295981580388414 0.855052568335754 0.7461333495301304 
39.300000000000004 1.4495946758085885 1.2203015766130099 1.0745463786600244 1.0333849913709883 0.8508193684484868 0.7394210773511551 
39.400000000000006 1.44422853473646 1.2208897179481073 1.0737114416954212 1.0330282437061478 0.852575053316 0.744433587421292 
39.5 1.4438495773205555 1.2156383028333424 1.0802644217475483 1.027626384948781 0.8511892363834391 0.7436651851623264 
39.6 1.4376997634149116 1.2169951369360337 1.0781077106292982 1.0276471294817777 0.8481748552681054 0.7466063604810123 
39.7 1.441474778512224 1.2210191053104726 1.0791067292182595 1.028977788072769 0.8497616392714443 0.7421011785469301 
39.800000000000004 1.4397742233487372 1.2194134244459267 1.0709370455200857 1.0343422883423354 0.8469482125515411 0.7416929063000699 
39.900000000000006 1.4422655500561274 1.216990841914513 1.075714977295575 1.0343414829679691 0.8521895726564507 0.7377951551311619 
