0.0 2.0 2.0 2.0 2.0 2.0 2.0 
0.1 1.8993414491872362 1.8629630599307412 1.824556204235374 1.8017769470798768 1.7001021517562025 1.5984793631538117 
0.2 1.8010326180639327 1.7261485004338475 1.6625480366899923 1.6195522198848253 1.4497427079529712 1.280532507993795 
0.30000000000000004 1.7102353662189875 1.6108065550126005 1.5173197498000452 1.4540645770869072 1.2341395844446075 1.0247998803259746 
0.4 1.6167056422864774 1.5003269545756295 1.3760862784857555 1.3157352837883494 1.0455441265561483 0.8156842735636481 
0.5 1.5384242537247381 1.3982450768024395 1.24960971158901 1.1784334017012084 0.8893697770312571 0.6506845885042082 
0.6000000000000001 1.4577364584818118 1.312709780970278 1.1363615731682237 1.068088293902587 0.7530847822562388 0.5251956773014883 
0.7000000000000001 1.3865329809634785 1.2215700675504506 1.0312990125546309 0.9617618953387691 0.6414921591491237 0.4251749220932901 
0.8 1.308270360457652 1.139341344635539 0.941686814182367 0.8692849412502616 0.5397702794876824 0.3391016097699756 
0.9 1.2384633140846 1.0643340787893503 0.8622659918028066 0.7843435398090604 0.4511297982953386 0.2722220534069306 
1.0 1.1725031203453182 0.9870509675369802 0.783350286358869 0.7130651113142951 0.3839861677795347 0.21739823199091435 
1.1 1.1139963105267632 0.9141928885512103 0.7137294096342801 0.6450156147077726 0.33157217344164763 0.1793674502615718 
1.2000000000000002 1.058054841945139 0.8519670150266291 0.6476078681229276 0.5842070682324495 0.27968675285868116 0.14483237316941933 
1.3 1.0012418132545513 0.7922580440362873 0.591654039181973 0.5310778524045981 0.23660275522566968 0.11877882548943175 
1.4000000000000001 0.955752139864067 0.7372280363336522 0.5346967194062843 0.4795170465918884 0.20221772042222438 0.08470805843255905 
1.5 0.9058336433300687 0.6831933404702372 0.490568278333121 0.4241145358783613 0.18026526381467242 0.07214244774174719 
1.6 0.8545213320304114 0.634516336785582 0.44968329259476175 0.37940250858299157 0.15480385789516168 0.06211577747627515 
1.7000000000000002 0.8136612077215911 0.5901603543741221 0.40881858825105155 0.34663768953397067 0.13042771209417056 0.04774666476956913 
1.8 0.7783841704842944 0.5468486688625364 0.37505563673060904 0.297405522640762 0.09838675485397096 0.043740044694067295 
1.9000000000000001 0.743053374807021 0.5015222508764551 0.33938224898481695 0.2634697327578971 0.09081609291259271 0.03869775402317781 
2.0 0.7013841773275884 0.4719182434007569 0.30539794126242487 0.24036322371966035 0.07676197477353582 0.03420627452675339 
2.1 0.6664748703347135 0.43976535825216595 0.2858789164950585 0.22033968037958507 0.06885081923080025 0.024900207604652946 
2.2 0.6338524734441984 0.40377708407139146 0.2592077044178784 0.192293150982915 0.05466236499741401 0.022450998736683634 
2.3000000000000003 0.6013184006717376 0.3724962631774522 0.23692713963927062 0.17360784338827717 0.04553725347509929 0.016427536760005024 
2.4000000000000004 0.5764038906594197 0.35058683012373215 0.21447819087717243 0.15518903661811556 0.041585827356807506 0.007661165789342988 
2.5 0.5433691127674649 0.3393918877841358 0.194615339902461 0.1343088192944603 0.03027087957565243 0.006356455131455476 
2.6 0.5227124066423184 0.31138482130036277 0.17935816353799885 0.11549116244299495 0.025414111955879302 5.20280697300123e-05 
2.7 0.49746675640319865 0.29157047573157313 0.16278866191725083 0.0999963891416914 0.020244181722338227 0.0007562421449317906 
2.8000000000000003 0.47197356752313296 0.2682994748695651 0.1491527732522507 0.09322523453707596 0.024986792161055028 0.000968538363082248 
2.9000000000000004 0.44158332737354355 0.24816427482979633 0.12818625285979796 0.08384473812349012 0.02344725676365236 0.001431391073335233 
3.0 0.4134447317872296 0.23128682256532437 0.1150953424728044 0.0746612448626281 0.017131421061263457 0.0035732505874097706 
3.1 0.398948949771182 0.21551875722094202 0.11108964559048104 0.07220207161453157 0.020219476083051968 0.006541137131265969 
3.2 0.37550824896046214 0.20431235825314734 0.10433148086068718 0.07046998582917834 0.017287498629482895 -0.0006152525988835123 
3.3000000000000003 0.3546058808177059 0.20036027555575706 0.1012466354645234 0.05806459672167247 0.00867078761208099 0.004374978043148206 
3.4000000000000004 0.3415929221874666 0.18667601124020505 0.08883870887489152 0.05468975950849942 0.005617645709784627 0.00039382680059876627 
3.5 0.31520878163642824 0.17416569359799672 0.07485986208081824 0.04321688107958494 0.011561434962931728 0.0036952583652497977 
3.6 0.29962472254473194 0.15894121561632119 0.07388145687109249 0.04114520954813246 0.00213485086567717 0.007013926720608459 
3.7 0.2823573082494572 0.1443080333770348 0.06585856209405137 0.03883752343014383 0.0009124833959382655 0.006208867505297109 
3.8000000000000003 0.26589197542411463 0.13133906036615764 0.05327153066009351 0.033763083326903406 0.004902377081183428 0.00388502168014726 
3.9000000000000004 0.25171445353322586 0.11746255030951122 0.05218806673028481 0.034182129109985845 -0.0006871218808854494 0.008183966096877495 
4.0 0.2370938581529299 0.1129356809120065 0.048942783195804904 0.036689138063769035 0.0004337779609386331 -0.0016407525303850888 
4.1000000000000005 0.22975924035759898 0.10900116006308237 0.04941920312764795 0.03112581230494152 -0.001311982171470143 -0.0010356644927073432 
4.2 0.2122630858122141 0.09203957306393953 0.037150619457909394 0.030352932778602133 -0.003839154626975018 0.0036313085411265873 
4.3 0.20080799109900407 0.08253413082816578 0.03517712367279979 0.02230990960538743 -0.006544223615469362 -0.0019275556143672234 
4.4 0.1969246627505727 0.08204425956407668 0.027765877125040014 0.019261460265794447 -0.010330649921317853 -0.006190506587537959 
4.5 0.1882151871932956 0.07697498870658301 0.02769338334806613 0.02228072272424231 -0.015456090523361467 -0.00833230966123933 
4.6000000000000005 0.18312413373924766 0.07168723676340312 0.022694682262308433 0.01802378265362114 -0.01801621057961856 -0.012566744338373834 
4.7 0.1747991469459127 0.07168946246919711 0.025310714928494443 0.017103280096387015 -0.010570032961934374 -0.012083993002228082 
4.800000000000001 0.16336456641481192 0.0599456945994909 0.023794443389272352 0.0140444755322276 -0.002375456856287925 -0.013156066101158664 
4.9 0.15952919621181977 0.05901885570659254 0.015885527330748855 0.010773891625569602 -0.008954145570460087 -9.130562243638459e-05 
5.0 0.1445669084351966 0.05491490646864208 0.015017347654514632 0.02008376045831159 -0.00599215832694608 0.0020766567342454354 
5.1000000000000005 0.1317537682528899 0.05342575958694972 0.018918706806287464 0.02048397414851634 -0.004101083895083744 0.0035550357012813093 
5.2 0.13195316294215245 0.04286224619938607 0.020360797485531556 0.017292050033837412 -0.00015584132345930897 0.0024475905116979222 
5.300000000000001 0.1276635426813428 0.03405120280847141 0.01496025926880708 0.015630526786970977 -0.008392381915371748 0.003328052550521689 
5.4 0.12675822288765243 0.035125391900879786 0.015475006950128442 0.016992113235911675 -0.007623249132604601 0.011157097203734579 
5.5 0.12257158901989233 0.035977991747922794 0.016122895760651602 0.01774178830630499 -0.007516015134401204 0.011128658014040576 
5.6000000000000005 0.11104329803672576 0.02884947142634416 0.014490138782414891 0.017060821590442015 -0.0010509043598029165 0.0031142698751214374 
5.7 0.1065969623221199 0.03043904059014436 0.015915952585297294 0.011843214299202997 -0.0010425754244678047 0.005296507623253482 
5.800000000000001 0.09550383850243421 0.026086633445011238 0.0003848926136384762 0.009932371960297302 -0.0013633467340272397 -0.0006362596606824263 
5.9 0.0836023561460946 0.021330957050917556 -0.00486236579088867 0.012821266280923933 0.00350163714328924 -0.0044118076891711926 
6.0 0.0736232919286542 0.016802575181277875 -0.010673220231225999 0.011198754372153378 0.0018483664794875928 -0.011169251954611494 
6.1000000000000005 0.07326616061782823 0.021751945907790463 -0.015718836463712336 0.0070609391949371355 0.0023217455982029664 -0.010704962279082658 
6.2 0.07219595157326253 0.025592151208678294 -0.01575249496705624 0.005728461979809453 -0.0001229381939068304 -0.012869009933583782 
6.300000000000001 0.06616587696021607 0.02699003646503337 -0.01797352155597373 0.006767120316034581 -0.00020527783247381847 -0.01737013086779553 
6.4 0.05899697765294927 0.030575728491202575 -0.017545948936461428 0.009555384749138725 -0.0022370158198702726 -0.01694494052222579 
6.5 0.0537583938337202 0.02718049005561303 -0.015809949237389948 0.01139864297499448 -0.0006987117578435793 -0.01605123518682921 
6.6000000000000005 0.053448322700693815 0.022493922459832165 -0.02370583676913187 0.007262304925710697 0.009072003844771782 -0.013310773276231919 
6.7 0.04345531318204084 0.020547392864338838 -0.02493852387424354 0.0053540248143803554 0.007706694874496857 -0.015754547034857024 
6.800000000000001 0.040259591021988166 0.01132384867819933 -0.01773902146848285 -0.0012687367991411343 0.010107599783200381 -0.011525602627006954 
6.9 0.03399922664348848 0.013643973549675996 -0.024238272098601972 -0.00789623591730153 0.003052342022431024 -0.005163123724082881 
7.0 0.022648210948181466 0.01075929495642865 -0.022837620218313908 -0.006681769305704273 -0.00023095881714761432 0.002104363135658095 
7.1000000000000005 0.020023216941978682 0.015635322684580188 -0.01976243927712756 -0.01170412900345722 -0.0025221959637371175 0.00431693348245994 
7.2 0.012770307736062353 0.01331245511929522 -0.021430010630799082 -0.011382278071178536 -0.005730896341098911 1.2394496507032927e-05 
7.300000000000001 0.014540829997692413 0.016028990953873827 -0.029471651496009634 -0.016183909586988725 -0.01247977559121209 0.0014880886408284411 
7.4 0.020710357097616823 0.016505802105527406 -0.026610005146183415 -0.009847209118434942 -0.010060719543041998 3.164894790918682e-05 
7.5 0.02189259624988484 0.019673195298959997 -0.02850684597275648 -0.010651977548531668 -0.008393910623082663 0.009143860899807158 
7.6000000000000005 0.02463562684928638 0.02111668942989422 -0.02156083761651496 -0.012925872391031882 -0.006036360296432499 0.00847425781456256 
7.7 0.017197662173230894 0.01354310590744262 -0.024972416318795276 -0.01562375697549806 -0.009965563233620389 0.007567898557461978 
7.800000000000001 0.02227571474464364 0.002947694893605221 -0.01940227030056038 -0.014546555968307421 -0.004873810769335425 0.0013385586071686258 
7.9 0.020714370653737525 0.004091190123970873 -0.01570864437377766 -0.007232722709602041 0.0013204352763503454 -0.007261430151274373 
8.0 0.020704713091131508 0.0038417159935951483 -0.021206693527557753 -0.007152300488115599 -0.002394551650465857 -0.00997866733945993 
8.1 0.022850596911296994 -0.0012989574784701547 -0.025376334922401433 -0.004232256136388978 -0.002135586856687749 -0.003175267349363941 
8.200000000000001 0.024352705380533277 -0.003277746736425034 -0.023437458263206163 -0.0056923312015193074 -0.003966165323540845 -0.003932541708731708 
8.3 0.02819995689680391 0.0062350581750608685 -0.023534914994977844 0.005475798355268157 0.0011066966956461133 -0.00297240664408396 
8.4 0.025668139499866266 0.007398981612695508 -0.019221074918001402 0.0022415608341398024 0.001657585507466517 -0.0028116896608543713 
8.5 0.017158297643770602 0.014041281198728365 -0.01770127569265769 -0.0014370660232249299 0.004624088031088136 -0.009660967022293387 
8.6 0.012168026992752769 0.007176713275088979 -0.01114258618545529 -0.008436437636257324 0.010094937749055524 -0.008992318336646559 
8.700000000000001 0.006463371700147687 0.010479736486822197 -0.010255602607557836 -0.007508987355508678 0.014136272159776532 -0.012567534774794172 
8.8 0.008886897984518258 0.01536280921939429 -0.007001868080469474 0.0033211955119029305 0.0025079121459158087 -0.008401828290449383 
8.9 -0.0005639480235666547 0.01843505030920342 -0.003089085142710152 0.004074553278382066 0.011195862909671674 -0.010887937077624745 
9.0 -0.0033415889849747523 0.017536513251571267 -0.002873855665765339 -0.0032064921429698586 0.015135489588338434 0.003168614338616208 
9.1 -0.0030877278590000622 0.015706174941636293 -0.002209322824827001 0.0023509155955589536 0.015243530462991952 0.006062205979252201 
9.200000000000001 0.00333269763402501 0.021957134371235948 -0.00414165517940808 0.004990390976741158 0.01094308347726522 0.006168357579855832 
9.3 0.0019029405339526157 0.02324978565997537 -0.0005213265575325295 0.005740083691264165 0.011077836624039326 0.008166732069956556 
9.4 0.0011768679148547684 0.02011264998279209 -0.004990594668322674 0.004480365614533109 0.01139382464960249 0.009244495971151413 
9.5 0.005971929992275236 0.016998581874911666 0.0002041842956417156 0.009594247223809842 0.007369584545714022 0.0007191355044097584 
9.600000000000001 0.008588533236817542 0.01303411944949366 -0.0015553455682560042 0.009380167104875568 0.006566439548461298 -0.00755654024388594 
9.700000000000001 0.008401751032491342 0.007399847695933849 -0.008227982485634501 0.0112573720709486 0.00985169793940382 -0.005920380570884547 
9.8 0.010974292277067083 0.01099133157266727 -0.004299416567812602 0.014708430924182886 0.012319186728026853 -0.0026002699738702237 
9.9 0.00934793270615691 0.006834921341824199 0.00714604504343513 0.008678113320631734 0.017212350940997424 -0.00280736852217919 
10.0 0.01086944547027524 0.0013540948553062452 0.01591092202416446 0.005163403407336797 0.011925039531606053 -0.006153686329120086 
10.100000000000001 0.012884332785504608 -0.00791463721709107 0.01621371171865701 -0.002703231278356211 0.011260281746214051 0.0016525629774969595 
10.200000000000001 0.0140518393671784 -0.011673714804417293 0.01324980509744733 -0.006990483137385121 0.01025252857053267 0.005010594308581757 
10.3 0.011728883243347218 -0.01777589917548595 0.016694085769954264 -0.005287482816716802 0.017200604404650387 0.0013236675095389299 
10.4 0.009925700988490922 -0.013087978115618093 0.010811781085387799 -0.007583125477395192 0.01505030491465142 0.0024996013008076433 
10.5 0.013126959514146011 -0.010562973310401114 0.010693256863753131 -0.0034998960656204827 0.010639573730819267 0.004321542133485543 
10.600000000000001 0.006854849217621364 -0.010957184765996945 0.012705309538159133 -0.011925099836638453 0.01741323892098731 0.002225500989552936 
10.700000000000001 0.004943005555346854 -0.01012836771364953 0.01881490428394557 -0.008232767891916279 0.016543391699542564 -0.0006662704351802226 
10.8 0.015111297711842596 -0.0010056117448875475 0.012483737178617418 -0.008505831747842316 0.01035214173568842 0.0036450411797195954 
10.9 0.0164199723875845 0.00487139580778554 0.009218166477433844 -0.013016820770511873 0.003130225878712727 0.0003870364918743778 
11.0 0.015690220361803255 0.003619628153933844 0.007764154818317073 -0.009670382240216909 0.001571799600509859 0.0023572257487411512 
11.100000000000001 0.005398787103895674 0.002200074090282206 0.002487895259140604 -0.011292787892986706 -8.282887320490672e-05 0.003098269081943298 
11.200000000000001 0.009480330327862559 0.0026475027842282465 -0.000800700723023089 -0.016678955601432274 0.002664423529244296 0.0005757732139596161 
11.3 0.0012519639169153805 0.011740575076647821 -0.002912246038847394 -0.008140378627312097 -0.0003423240348246509 -0.0022497292173734606 
11.4 0.006480105599602501 0.015143185141247073 0.0026198711889416264 -0.01040243939470914 -0.0033161273884937744 0.002831811928267343 
11.5 0.007940814631414968 0.015516345671377366 0.0018405694899564964 -0.012636436244719346 0.0017144464315103321 0.009682192208341149 
11.600000000000001 0.00932212356032762 0.016904309639969334 0.0058093923264060385 -0.008029566542934654 -0.0038151316135978846 0.009344144820871267 
11.700000000000001 0.016701134183950393 0.009374829707725704 0.006266302885772818 -0.0019359379271507208 -0.0026770249708052787 -0.002416373965569796 
11.8 0.017280591480917384 0.010477919481891524 0.010695729660220558 -0.011015705319376562 9.671222681611766e-05 0.0020944134159575378 
11.9 0.014996994626805388 0.0012451470194406915 0.007547074874484595 -0.010652463227824156 -0.006377691822812699 -0.00031979512795042277 
12.0 0.007904697892063484 -0.0012404421441857068 0.009330602940349273 -0.00560806233697689 -0.010366966262843818 0.003909464464595666 
12.100000000000001 0.0035451858255944996 -0.001655485801466142 0.00907333529700723 -0.004688448048523254 -0.009822256625296911 0.00875568272014765 
12.200000000000001 0.008396285078880458 0.005210354911016388 0.0025561514173966585 -0.011621016701667377 -0.0069804555176974144 -0.001193394475580737 
12.3 0.00869418342150846 0.012965360446056761 -0.00751471591798744 -0.013449915131674069 -0.012205232340721591 -0.007919131067559336 
12.4 0.0073294259235998395 0.009827173203159262 -0.006762448071130765 -0.011314510656915255 -0.01183587743302757 -0.015166965022836166 
12.5 0.008588140650721289 0.013300144820118211 -0.008916977320145882 -0.009877415901882926 -0.007711791148894997 -0.019174530143226672 
12.600000000000001 0.005487354229726462 0.013580139445208209 -0.00354168424930683 -0.006642961255084959 -0.01253182700509743 -0.015293039089512135 
12.700000000000001 0.006127393012963107 0.014331160792823124 -0.007303983804951375 -0.004416159747056598 -0.009754955763809522 -0.017227614068822176 
12.8 0.012881454105068451 0.010134087454561498 -0.008267348972908392 -0.004532305380140813 -0.010778592354517294 -0.01859162496960825 
12.9 0.00766157348887557 0.005808359885174203 -0.011894604378876392 -0.003991141018665199 -0.01227414487194394 -0.015586460857188405 
13.0 0.008372706252002851 -0.00436690503453371 -0.0098949430179506 -0.002911554220012888 -0.008410784655553265 -0.014902632473793465 
13.100000000000001 0.006440366512114433 -0.004669664069465835 -0.0027728014825891545 -0.006604695179808525 -0.008064246573855348 -0.007156679820383545 
13.200000000000001 0.008238059444862986 -0.009856398960455091 0.005012384489478296 -0.0029789630425345656 -0.006530832771041266 -0.0021021855855511674 
13.3 0.01023633102780312 -0.011002532775710823 0.009139638525382571 0.0012706921742648676 -0.0019990005294727295 -0.0030132831869028364 
13.4 0.008999128198402331 -0.012327014667902028 0.0065272347990986065 -0.0005275522034255154 0.002044880138968109 -0.006020350995877515 
13.5 0.013347109783713156 -0.020374978448950556 0.004114941664280624 0.0016063070902891084 -0.003293877456036358 -0.003996553376692316 
13.600000000000001 0.012571336389589858 -0.013860379083404916 0.004957642632720518 0.0005648436819361589 -0.004451760318077252 -0.003838633886313063 
13.700000000000001 0.013701606772428264 -0.0069304293763023505 -0.002203018610634311 -0.0010546678669338225 -0.005159658402800239 -9.36957026464535e-05 
13.8 0.004689481740244347 -0.01944842944700295 0.00048581967914361924 0.0042645973907055644 -0.009581032509378501 0.0038551024116205697 
13.9 -0.0027559207615280414 -0.014783953504787183 -0.008249833081143755 0.006673560652044975 -0.00269444104863773 0.00885240613797516 
14.0 0.000775941569301196 -0.0035941467282204214 -0.006976979399929774 0.0022676404496124315 -0.0006090828331563467 -0.0005015987121876638 
14.100000000000001 -0.0011603203925459255 -0.006332396736577893 -0.0007173362621698587 -0.0017683888490397934 -0.0017593294905554587 0.001996354720004164 
14.200000000000001 0.001129963980766657 -0.00762090280088428 -0.0006248584472385523 0.0016109093413855817 0.002710428448383276 -7.38544978233584e-05 
14.3 0.002003795508270333 -0.010404229324139706 -0.002010542752193426 0.010580845911932561 0.001561692380903258 -0.001881127139962167 
14.4 0.0070870672176942835 -0.008223551649614195 -0.0016773473975439212 0.002908026657579208 -0.006487362693465775 -0.00023852692378374592 
14.5 0.004558978589533041 -0.003231707996343234 -0.0029278482323168665 0.0010666390280889637 0.0013979118707417107 -0.002182204082669825 
14.600000000000001 -0.0025196729629399497 -0.0018559109392693777 -0.0024994596644788963 -0.00586033659416888 -0.007643794656117797 0.0010830490996553508 
14.700000000000001 -0.0024833055410279047 -0.004182368861660982 -0.0028644056199868904 -0.012734127332082101 -0.007164602399615609 0.002385377938065681 
14.8 -0.00855299321620929 -0.006401741708432733 -0.006753083641576183 -0.019513627283101152 -0.01699878545475913 0.0011164828942228481 
14.9 -0.012128722401185165 -0.010269580033816625 -0.01880019296047642 -0.018767874636369093 -0.014601660134437562 -0.007070585649298542 
15.0 -0.0031680413760647036 -0.011646531472295354 -0.010913146698227141 -0.012100959354898772 -0.017843114025347245 -0.005207631561089389 
15.100000000000001 -0.007375139372985129 -0.0068845287731156635 -0.01272622243217919 -0.005792745295712795 -0.008033657296361182 -0.00031448071295703066 
15.200000000000001 -0.003830077004408709 -0.004352318019647489 -0.010911544986320146 -0.0013994104682184727 -0.01184768568053831 -0.0029536642192836936 
15.3 -0.00043821790244876483 9.24836700471971e-05 -0.007626586348540364 -0.0027894568393347636 -0.009428556360292365 -0.007532312486068511 
15.4 0.006293254919319649 0.002932225831709495 -0.004942768941484205 0.0015747256468809756 -0.005356880229821624 -0.008069872547224213 
15.5 0.0028138483029707772 -0.0045549934855691546 -0.004040268001546426 0.002484088049147487 -0.0005642389383120226 -0.011679810461059578 
15.600000000000001 -0.0002076547166435702 -0.007027488806905268 -0.008587481391958278 -0.0002893661341674104 0.0060019561194391245 -0.0045666182596678035 
15.700000000000001 0.003011107843722965 -0.006026261774144187 -0.014141940759801583 -0.004287327484217751 0.008988512791540674 -0.009752758792491469 
15.8 0.0024037426869099234 -0.013874247719797256 -0.012761794646668016 0.0027655666682121355 0.013386365093769592 -0.00552797370657176 
15.9 0.001155962069267632 -0.011598713493040688 -0.015086413993127207 0.005709343035282574 0.013978035275420329 -0.004253121206416218 
16.0 0.003886350337508894 -0.0008013986428603104 -0.020394616445358046 0.010363890834270422 0.014938596627254486 -0.006108145851924523 
16.1 -0.0030996060762654223 0.004197009445472888 -0.021385232288935106 0.009249002471051074 0.008635194791327013 -0.004024563609418212 
16.2 -0.007532084415709295 0.0029752820399152518 -0.0186078491162153 0.007349058230984982 0.0060956908568844835 -0.010363264519062085 
16.3 -0.002894908683145593 0.0007215557646446364 -0.018092807943694986 0.004594771435038629 0.004265939622899866 -0.00845248323355027 
16.400000000000002 -0.0033369026437726048 -0.001980985452405642 -0.011946817114489076 0.006744915336554661 0.005585818393193557 -0.009607916270841779 
16.5 -0.002144677824009576 -0.002108052436507918 -0.012432425150733346 0.016437208165070213 0.00562240985690263 -0.006922815092515304 
16.6 -0.00764980668572758 0.003884052294749211 -0.00971278574834588 0.012435198277446963 0.0038211826337572804 -0.008273462368386225 
16.7 -0.0038341648356199284 0.002083085635450749 -0.009007133579721766 0.010818217084723194 0.005470583590909422 -0.009724958098083242 
16.8 0.0009163662334379864 -0.003338895688290414 -0.009944210076846349 0.011102667567448954 0.0005939872799829863 -0.014968148431385333 
16.900000000000002 -0.0007627417671707818 -0.0059347877684863765 -0.010081312858338859 0.008183377327522206 0.011191602601471697 -0.009602855001400495 
17.0 0.004772506907306375 -0.0015428501048567946 -0.005081700050383035 0.011171880803224133 0.008825664701447538 -0.0135828080596717 
17.1 0.007423995179838039 0.003341331017327704 -0.008035691357487098 0.014476804226761265 0.00516083362101794 -0.008013756001596518 
17.2 0.011556508949899243 -0.0037356598197197683 -0.00653398965039336 0.013731626903397305 -0.0015579846657911573 -0.0020196285581560148 
17.3 0.0031470130577291415 -0.002824234772053024 -0.0065819366820004535 0.00800075249289753 0.00024946029231574443 0.00571162932066185 
17.400000000000002 0.003603960271846844 -0.0075993140717457745 -0.00593116388260681 0.005721016434455044 -0.004777267845190352 -0.00018339135774072694 
17.5 -0.0009374894341638239 -0.005322223279492779 -0.006519664965505896 0.008941278326117172 -0.002373748433040466 0.003077281429948679 
17.6 -0.0020325836431351776 -0.0009833690164413628 -0.0013501055512366584 0.0005520178749237758 -0.0043592106530495915 -0.0008824711216445074 
17.7 -0.004072041721551558 0.0021579310308487806 -0.008686701830989019 -0.004501966555092067 -0.009560977287285643 0.003095472969297151 
17.8 -0.006104420225534377 0.004506393264611157 -0.007807652007174887 -0.006737312257197292 -0.011282048148879446 -0.0031633655846885675 
17.900000000000002 -0.001975846941173475 0.010040069121772452 -0.007864736466499437 -0.006943348518089995 -0.009461952807042266 0.0020519325097274515 
18.0 -0.005525371532644423 0.010203145511568435 -0.002969740692915796 -0.0036817714231174863 -0.009546714973441353 0.008407666401856095 
18.1 -0.008738357896051582 0.016349303504441724 -0.008313517430889573 -0.00411604952294963 -0.010307653465431965 0.008372848204814591 
18.2 -0.006292606500014527 0.011009645002202566 0.0031182674474278414 0.005586571955833616 -0.005177900904140363 0.003167114908210732 
18.3 0.001424586854750285 0.007642541157789617 0.00031293601240486255 0.009589167371097405 -0.0029372132898650124 0.005918783708595994 
18.400000000000002 0.005154917778495216 0.006211480006451797 0.0010974868430972539 0.001504761295930259 -0.0038631057072546957 0.004808917593196398 
18.5 0.0019531067014136824 0.009623378537157327 0.0003964981957377658 0.004596133433987342 -0.0029347534099684464 0.005381678917874311 
18.6 0.0077517002874357786 0.011057738966497407 0.002064543520109756 0.0020998641876124055 0.0013177541006722977 -0.0008137134935786701 
18.7 0.009592999433825359 0.012973021831738481 -0.0011702513125568228 8.689454399637668e-05 -0.00025661074593609853 0.006909806496556439 
18.8 0.005581073725880731 0.007816079384551098 -0.005881125925010951 0.007032730762720568 -0.0006280893441290985 0.0037661040519528584 
18.900000000000002 0.0007852159573059666 0.0016945007861870344 -0.0066570660036424645 0.005204721555431161 0.0006463292208824107 0.00027029009756538775 
19.0 -0.003018671037469518 0.00315164143948355 -0.007686943514474948 0.009083163742666153 -0.0017664366428614944 0.004619631796703455 
19.1 -0.004874447238002648 0.000958850381666641 -0.010925709716195157 0.011561824611810479 -0.004230122623802325 0.0030325562563096125 
19.200000000000003 0.0031658183948055055 0.00514629319664626 -0.008383614901185485 0.014804026293474618 -0.00875047955356812 -0.0061119547752213985 
19.3 -0.004849063786066078 4.66479879467518e-05 -0.007041943123538128 0.007976175071240096 -0.009941088797571258 -0.004295923973425151 
19.400000000000002 -0.0023530280123303777 0.0016665696290341682 -0.005511390479015661 0.014990399139027926 -0.005057844718535529 -0.007705560168066655 
19.5 0.003008290667747867 -0.0023540343248272242 -0.005614552419194567 0.018665866937478376 -0.008657886258007019 -0.009156272693024842 
19.6 0.0020124461791807425 0.001809545808758838 -0.008372849191514726 0.02153112732086343 -0.0066317542296571615 -0.009467326670544137 
19.700000000000003 0.005580660672632234 0.00024705407054200455 -0.009177322860405956 0.02611114775383708 0.00016333503126021612 -0.0008746893201248282 
19.8 0.0038617022073284824 0.00421698619497533 -0.012608957418986043 0.02866816187681137 0.005307922906803465 -0.004645322747069986 
19.900000000000002 0.0029871142319321834 0.0029610861491696666 -0.007227243279291423 0.020994849466306927 0.0017763505913307085 -0.01064778944686485 
20.0 0.001981864954875424 0.005188774731814097 -0.005831103643697374 0.024811333169882075 0.001667241326530953 -0.010727013120663563 
20.1 -0.0035595885193818724 -0.000187713989690927 -0.00467841962480198 0.020493825358349763 0.004118148950238351 -0.008874068654295042 
20.200000000000003 -0.004819875003380924 0.008915803075258763 -0.008163917941565133 0.018317865743984856 0.0016039238558229144 -0.011410345024997945 
20.3 -0.007804331653108135 0.015211245037752348 -0.01224863838048332 0.018071249655188144 -0.0022815432725791112 -0.007557430428967743 
20.400000000000002 -0.006499909591405395 0.016676307813869206 -0.005702456044638118 0.01248461082922207 -0.0019068565812527377 -0.002052471347148829 
20.5 -0.005967005309589764 0.023539955986928353 -0.0028392719701481406 0.005425598431683605 0.010924183215650765 0.0023956623798423 
20.6 -0.010976046903009816 0.02097232393069917 -0.003387041841237361 0.0031380414457250747 0.004119128288905706 -0.0034292776673054554 
20.700000000000003 -0.012789583789832443 0.01604755169865493 -0.003910089875482065 -0.001785912802792983 0.005575827996718316 -0.004738491542653855 
20.8 -0.007586394485448386 0.02044503914185642 -0.004695869019093331 0.0024446474380114486 0.007075080150900768 -0.011849836635853775 
20.900000000000002 -9.244608735552973e-05 0.023780992072754522 -0.014144387901926285 0.003882393935128961 0.0013491611411977798 -0.002812553888452871 
21.0 -0.0011286827288536202 0.019805920203232467 -0.01417082346490049 0.002845381251105211 -0.0024666676915835123 0.003894046053984261 
21.1 0.0037875486777561806 0.01593994493438505 -0.018469387503581704 0.007860642087283784 -0.000998516402043224 0.0032800134660385554 
21.200000000000003 -0.004413492513080509 0.010865669435209308 -0.018841037700401207 0.004878698393954477 -0.005516040682450451 -0.0030508649516211074 
21.3 -0.006116961541063231 0.0020659531896130767 -0.009864226343500732 0.008816656262020021 -0.0010951712868560186 0.010393163280524184 
21.400000000000002 -0.002864307259817273 0.00434189338397099 -0.007770744494068977 0.014100519984105043 -0.004870879118809237 0.006512733672331666 
21.5 -0.0004638615741217766 0.005469367346386902 -0.0035415300906172335 0.009077920785709627 -0.00016024347532801216 0.007208646241549525 
21.6 -0.0018974984467065334 0.003782576525357018 -0.0038870595241477417 0.011098429851267038 0.0010999877748278347 0.012089784914080784 
21.700000000000003 0.005810160640425391 0.008096055842728867 -0.0029511394785369425 0.008112455783737706 0.004124760763414496 0.015142178267139332 
21.8 -0.0022670147569168776 0.008801968541549823 -0.005118406698581607 0.012818799937633673 0.003988158000279972 0.014043564576245515 
21.900000000000002 0.0022010302191765455 0.014114282893286114 -0.003962244201937645 0.012306547365755555 0.008209064264718813 0.011087036873122189 
22.0 0.003743515228900509 0.012696654453864873 -0.008591650696257795 0.016492791121488663 0.0012125975854833286 0.0018791443880327304 
22.1 0.0021410732704458817 0.010952881301907384 -0.008493517983921096 0.01534808773482941 0.003973823618377037 0.0003043865555097668 
22.200000000000003 -0.0003899696689808959 0.017122270481305542 -0.010740499071668424 0.02003676091829027 0.00046475415863286076 0.0022936752969641076 
22.3 0.00015231014203418206 0.010592416210727271 -0.010125891829653703 0.013456654002022825 -0.006206646962498921 -0.004778632402375739 
22.400000000000002 -0.0033944890689246543 0.004065925764691932 -0.002070057994315662 0.0035410841665541996 0.0005556225613371394 -0.010884815468401718 
22.5 -0.00601781430852766 0.0033526049865198557 0.005538271704589527 0.00141793281596381 0.002220317875402153 -0.005202691777357338 
22.6 -0.004662337239193034 0.00768757243603361 0.00339556743680088 0.006247352533340151 0.003555239494348241 -0.011393182918477986 
22.700000000000003 0.0017763364905224875 0.007875544097476143 -0.004780321862735494 0.0034667198002224686 0.009093525271008972 -0.01465096756398585 
22.8 0.0014424686846316306 0.003565781706107424 -0.004587457932403419 -7.203009435077234e-06 0.011933883519148682 -0.006938350882843464 
22.900000000000002 -0.003432463064800441 0.0035317134989510265 -0.005989975665331683 -0.005971759992270192 0.008095693879006471 -0.010633774162636412 
23.0 -0.007699745884840331 -0.00023954309916626997 -0.009873316205846881 -0.008747221900350618 0.013831490465580501 -0.013755102083699247 
23.1 0.0007986574101212611 -0.006869381482029718 -0.004853303361683798 0.0027918550951493834 0.0028962541336301976 -0.015017519576070365 
23.200000000000003 -0.003477376237466949 -0.009550489515954448 0.0029307582827183703 -0.0016140500433158677 -0.0036973439350764296 -0.01647266337610541 
23.3 0.000525617387076381 -0.007906504767480858 -0.006277670968160845 0.0017301762407019921 -0.0036806969752697094 -0.010436394735093939 
23.400000000000002 -0.005377648642115372 -0.015510874001012389 -0.007343393170297997 0.0066751471957018195 -0.0010068204542164822 -0.011892803279115554 
23.5 -0.0048459068101332475 -0.013278001278907041 -0.010732116876045281 0.012366155181714529 -0.0005144952539690759 -0.011527734950191526 
23.6 -0.009745602337911037 -0.015408644165308433 -0.010097887009419335 0.017252576724427267 0.0011617014778592452 -0.014651788281143623 
23.700000000000003 -0.01604237680872422 -0.011736643656298517 -0.0041707970486736 0.018723106821182604 0.009207158451659087 -0.014729586905582374 
23.8 -0.005588287676278303 -0.0026433678739452775 0.0030320096811079352 0.019020769566325226 0.005013685253753917 -0.012319454052543827 
23.900000000000002 -0.002795344575004087 0.0010088384088469467 0.0003539137013242389 0.01938617083781615 -0.0056806879007518405 -0.01274493769158007 
24.0 0.002301848842917767 0.00032860851792973874 0.002073310226064549 0.01085083961834656 -0.00012529441057085967 -0.0076160753358441155 
24.1 0.003274715527991202 -0.0035309852251964456 -0.00942075963455911 0.009828399894676224 -0.01270518335720013 -0.006089964569797341 
24.200000000000003 0.0025944320610378022 0.00452188319281894 -0.011781511592307593 0.011433515571565692 -0.014030989605619318 -0.008046947990694397 
24.3 -0.0024492149402018533 0.006175546895078615 -0.013587160283541453 0.00881456072589487 -0.006133030222328743 -0.005827938168654767 
24.400000000000002 0.001164608143990317 0.0064058547172115765 -0.008304794495368827 0.008599875869558021 -0.006545774335321375 -0.0006974845412382347 
24.5 0.00038313004900845016 0.00911141539422282 -0.01164626381541961 0.015459554174464336 -0.008549548709901052 -0.001827158213721697 
24.6 0.0025661730256336256 0.0032932657134747416 -0.004821862026195263 0.02367590960168909 -0.011125175816059641 -0.005711397080872103 
24.700000000000003 -0.0023512725000068672 0.00782443001483739 0.006468144182144516 0.015576293891417342 -0.007899117805682894 -1.0429912004116559e-05 
24.8 0.004420075544033677 0.015737788248830157 0.0015661941150064216 0.013058572790444407 -0.008565673387418213 -0.006517997759146687 
24.900000000000002 0.0023021456311912744 0.017343503219221224 0.006467047478422995 0.015985147282680214 -0.013046647182931139 -0.005857510516438886 
25.0 0.005357730205484164 0.01822645341250625 0.002471699023472968 0.00553013403338167 -0.011496819977371328 -0.0014902755123466214 
25.1 0.007318944981166414 0.015858491576874557 0.002276364519488292 0.01267304830460727 -0.006746865071169293 -0.003349838756405473 
25.200000000000003 0.015888209770635865 0.018678715464157024 0.004720963237857179 0.016684593442355584 8.527432451610082e-05 0.003578345621455513 
25.3 0.016741214491798256 0.01711291656639143 -0.003316375966230604 0.023695316355759343 0.0034883852721227966 0.006535664696167348 
25.400000000000002 0.012238037545437919 0.017882002495160462 0.0007574179406816671 0.013379689380940292 0.004272685867629637 0.004278945592447185 
25.5 0.009282914341280542 0.014281828760064686 -0.007576266048412698 0.01150709103711957 -0.00018924917271889683 0.0022506311720123383 
25.6 0.010132918664790701 0.011860844751508415 -0.0017934429900935101 0.016982790037634136 0.004865735584718477 -0.00045943672700811096 
25.700000000000003 0.008399424930020995 0.017966447825918094 -0.00889628497545861 0.009822619953462926 0.0037632095335785394 -0.00018165122607217938 
25.8 0.0023772292652215654 0.02277020955237192 -0.007765725359704289 0.0015433982622324641 -0.0014716352287577304 0.001141588004297303 
25.900000000000002 -0.00515858658550288 0.01779450711349438 -0.016033466926656637 0.003207754726588859 -0.003194016998487809 -0.004899104381050601 
26.0 -0.0031870820278709702 0.0213487897298779 -0.016572816738696428 0.009429351185389174 -0.004487998324095304 -0.004046979995175886 
26.1 -0.0040574511192237 0.017239976419964838 -0.011873108337890004 0.007995146799908915 -0.0054506659264311605 -0.0057123852789720065 
26.200000000000003 -0.0002477431762469237 0.016296121390151116 -0.012738208796164925 0.0084914584099996 -0.0030548436531204963 -0.00681774321369584 
26.3 0.0039147098175356075 0.015305759328132143 -0.0077044555112552844 0.012621147852382402 0.0018240309627373641 -0.01160869002700684 
26.400000000000002 0.0030855721670526664 0.013717312674631638 -0.009820978596196291 0.015004962048442738 0.001055854560626898 -0.016919924084708205 
26.5 0.009821608335892646 0.007018955980715478 -0.009421495197068553 0.0027595088003868583 0.004455199740123274 -0.006541737789083875 
26.6 0.0022102977875928255 0.002805903680946487 -0.013755359208512544 0.0001721911397633413 0.005442660635902592 -0.00043634137935513804 
26.700000000000003 -0.0034861221685831808 -0.0017813836056454221 -0.01425766831261133 0.004254025495093114 0.00512487822241827 0.0013020240688615015 
26.8 -0.004011206664317018 -0.0014584687252484543 -0.006416771875525913 0.003585200413388698 0.0015080789609644156 -0.0015535569968110653 
26.900000000000002 -0.002520979535928733 0.0013185637146899665 -0.0005598362949938672 -0.0011985534095704058 -0.007391696986139961 0.0013569537025574017 
27.0 -0.0028480288789284533 0.002823516993419958 0.00696370476204709 -0.0006842507434101296 -0.003189666642429674 -0.0011604581093290563 
27.1 -0.003404785285690694 0.0013635330812127237 0.009920495034697802 0.0015357390846872199 -0.006756434119304155 0.0012910814359526647 
27.200000000000003 -0.008668525387061242 -0.0005313783722377041 0.0075941659562128476 0.004911453511440308 -0.001058840587256674 -0.00014090700811166847 
27.3 -0.014019418161881748 0.0019883871747037206 -0.00013802176404535712 0.005783649715435247 -0.007472668244157153 0.0050470396413767145 
27.400000000000002 -0.01174172384306771 0.0010601116860332823 0.001663846769473836 0.010105559701214678 -0.0015964608451560322 0.004488210288776766 
27.5 -0.009166083190116631 0.00015173575712745587 -0.0012222967503078344 0.011117295887557872 -0.0070936180549397735 0.004374227326196846 
27.6 -0.012743109621923538 0.0031032500475830565 -0.0023274362924218606 0.021526012775447613 0.002318929380337854 0.002729769107455473 
27.700000000000003 -0.011409358846431687 0.004256649876625231 -7.749830689820385e-05 0.015747566088675568 0.005318362239399119 0.004519866908682442 
27.8 -0.009005149919011881 0.0063715845781001776 0.00264507255767542 0.00906129584486395 0.0017808989676127186 0.01390358292888169 
27.900000000000002 -0.007561863747129831 0.006706801476172365 -0.0015151392169746017 0.011259792851232863 0.001829820095297508 0.01594146296889947 
28.0 -0.010545648433548504 0.0029969491254735574 -0.003823578187721466 0.013102472001265167 -0.003676418656375472 0.015324109746373086 
28.1 -0.006598904580148016 9.408221276411233e-05 -0.009295733822579127 0.009905102558356154 -0.006399008721295778 0.004318121728471805 
28.200000000000003 -0.006263168160083515 -0.0034833132225554203 -0.01496491179790885 0.0024449880587372264 -0.004943553839311403 0.005098631503672297 
28.3 -0.004995220762018965 -0.002549883593650259 -0.014546527882969468 0.008665596646922794 -0.005009793532460625 -0.008426128326564378 
28.400000000000002 -0.003945322872466317 -0.0018493179370169506 -0.014207904134873934 0.0035997930493451053 -0.004760361241304888 -0.013068779789451469 
28.5 -0.007183648636371096 -0.0014634806020434575 -0.009110489124768197 -0.005736264911535494 -0.006219779776640554 -0.010323619021301647 
28.6 -0.0003602391887349004 0.005092882065913871 -0.004094705929444338 -0.006631213807260022 -0.013760788218911472 -0.009699703985803214 
28.700000000000003 7.46082010136476e-05 0.004717187572892656 -0.002360197938567151 -0.006179548819052132 -0.013355031673094047 -0.008120281408309645 
28.8 -0.00419704028490083 0.0007938975820674718 -0.007678338322386324 -0.004250897338523889 -0.013924987744542238 -0.004252988474971316 
28.900000000000002 0.0030061835283325894 -0.0011768652538160724 -0.01626376452704121 -0.006435359581409605 -0.007118680955976939 -0.008962116857892936 
29.0 0.008113326994709544 -0.0015387198047952097 -0.01675427609018418 -0.009821221544069612 -0.004148629443354643 -0.0049441832186087565 
29.1 0.004695566608881039 0.0067421562052797 -0.009112563023355596 -0.0024088245856471453 -0.00323028967912489 -0.0057058112320301745 
29.200000000000003 0.0027211955659431054 0.004808523423029296 -0.008489247406724123 -0.0023664233670464183 0.0006286973372260707 -0.006708550272562702 
29.3 0.010219135339628517 -0.007966013335262858 -0.005925427026828769 0.0036485455669049683 -0.0034330076178057836 0.0004940347803408017 
29.400000000000002 0.018499514597509155 -0.010970317397343601 -0.0020008912045126827 0.004762642716113498 -0.0067645223404872125 -0.0016368046293044748 
29.5 0.02948611682904125 -0.005472574176244031 0.0027019799701007443 0.005249250619284845 -0.009090292766919682 -0.0013370888414287112 
29.6 0.03374470357974804 -0.0029143706303406303 -8.172055773463924e-05 0.010159256086232752 -0.012922232185282129 -0.00499410716656472 
29.700000000000003 0.03418974188405136 -0.0027226632276550556 -0.0026082251875223918 0.012932648698395628 -0.007530040923929202 -0.0027732647654004797 
29.8 0.03282086981589337 0.00032501947103500013 -0.004456316136613022 0.0038245389311812234 -0.006318626100111124 -0.006349338381924948 
29.900000000000002 0.03868424203336043 -0.004044924872222593 0.004517467068646662 -0.0009996181306955827 -0.006174202507789974 -0.008064472791460216 
30.0 0.036666544301319756 0.004194282388567375 0.002132526281120658 0.00015536889542364278 -0.0016001131529797816 -0.003833489716674147 
30.1 0.03829785866601665 -0.008387029676971 0.0052573411729964666 0.000561032157726433 0.0018749239224678674 0.0014360233174960108 
30.200000000000003 0.03256397847255997 -0.0050558767403740875 0.0045789035503314745 -0.0020016790654622516 0.005268324567309011 0.008748820009684207 
30.3 0.030023231320834468 0.0029511970778636214 -0.0009690528157752901 -0.0035476881919191215 0.004229596609341545 0.0038629234704239098 
30.400000000000002 0.0284371625299576 0.006891234060675504 -0.009718299969969134 0.002164750655256848 -0.0034040826169431356 0.013565109225876913 
30.5 0.0269786478089481 0.004265523375914653 -0.009554627382255623 0.006737797410031189 -0.0049194977747127585 0.01442939040454824 
30.6 0.021661870786114163 0.008224106169251323 -0.009820299687695383 0.006749734621489155 -0.007514298253642414 0.01656600212415764 
30.700000000000003 0.02722900087822941 0.0036067244681474535 -0.0034135930957692124 -0.0011230147071878303 -0.007332135235241374 0.010200674381234585 
30.8 0.021561013878294146 0.0003706191919987585 -0.009448323474114527 -0.0010944051616603695 -0.004788845729603113 0.013446490609372206 
30.900000000000002 0.01913763528447965 -0.00025830298124136244 -0.012780092595448642 -0.0007927957645330807 -0.004671432135961172 0.009418811477306957 
31.0 0.02277887939080091 -0.0020673780807247285 -0.012782384622295782 0.0024590885162296097 -0.006083684488064333 0.009034530115658098 
31.1 0.019175415744642543 0.00019085923214315023 -0.011247204738956122 0.000972801941306168 0.0006878287045154032 0.009684759592522506 
31.200000000000003 0.014855365420336008 -0.00437302551860796 -0.015072165551727289 -0.0008013760112769539 0.005067728258991363 0.010427980953065633 
31.3 0.011263077370864565 -0.002294236359080975 -0.010022908280866697 -0.0005427598971148587 -0.0016703821758408616 0.007325787132537277 
31.400000000000002 0.011501083652680334 -0.005445496514829084 -0.015842727790013104 -0.002079028801159035 -0.00502640238930341 0.01158854522292845 
31.5 0.00500312705788358 -0.0029373524509327532 -0.011726022504419738 -0.0034742293998878387 -0.01301103922234774 0.007855221930631597 
31.6 0.008771962006900858 0.00016813316130926098 -0.004679180511575706 -0.002614204771323683 -0.004746604824436732 0.008533091657237719 
31.700000000000003 0.015136730728015834 -0.013155167997210166 -0.005029021118935326 -0.003419177625844001 -0.00367980859774577 0.007714840261870015 
31.8 0.013776005224742585 -0.010483347727839145 -0.005896963645765172 -0.0027521161885421933 -0.0023623545661702857 0.010769252852402983 
31.900000000000002 0.022001269150755745 -0.009019400615629928 -0.0029898474799178757 -0.00367074865979648 -0.0017931128981208046 0.016383748907107375 
32.0 0.02538992318932107 -0.011222987780178273 -0.004624895926108969 0.005689266708932374 0.001338497058556205 0.0112846281629441 
32.1 0.030722722624265158 -0.009680385304818575 -0.002221744206502563 0.000817455041374295 0.004097122844657162 0.004449131452764543 
32.2 0.02847073800448365 -0.0032335713021474193 -0.007681774363405735 0.005323680433312137 0.0033850059707962736 -0.0004843046058964873 
32.300000000000004 0.030199245639437794 0.00012801251958418405 -0.013235522549869785 -0.0010188909403781373 0.0028416184891323095 0.007138521595743899 
32.4 0.02535503852967179 0.007703665681205765 -0.009885209163345397 0.004555076807727997 -0.0029598352005827553 0.012429809453317241 
32.5 0.025175091125773364 0.004902060720574213 -0.0013206815040304079 0.009461183301808507 0.0016322868657841735 0.01821237015730614 
32.6 0.030424794557102217 0.005522312674786652 0.00515592966046479 0.015059461499982073 -0.00022046615622815295 0.010763497585249339 
32.7 0.026231709425697743 0.004626487706329754 0.010923417740204546 0.013249517853349237 -0.0013174033010479003 0.00511553577776374 
32.800000000000004 0.03213379078424202 0.006488995707563376 0.008628596999891124 0.014169141626035907 -0.0023857620924448816 0.00450313687701761 
32.9 0.03402012674697504 0.0028748591776498788 0.0005959554763919044 0.013619635154807361 -0.005289109344972491 0.008204581233681618 
33.0 0.04234301612504745 -0.002397456500231182 -0.0039098607461910545 0.022326607164980028 -0.004093846933701339 0.009687358801127964 
33.1 0.03920531868743031 0.001601000424966723 -0.010411529161318092 0.01707328140149292 -0.009997555404748105 0.014711294771616772 
33.2 0.042788736984556326 -0.0010644344168473997 -0.013031911026578894 0.019041010732490378 -0.004455733443440119 0.005066334573940784 
33.300000000000004 0.04269459856029918 0.00814205931330978 -0.016004420201304787 0.024166994060609806 -0.0004949779523433526 0.004483043506153834 
33.4 0.041115619638083356 0.0073740934407993735 -0.007249034936065141 0.02541739186307429 0.0030607142819920156 0.009884095649785348 
33.5 0.04124108561314051 0.003990504868355439 -0.0007112770797170171 0.028529922927613 0.00896829791785192 0.005945294402382567 
33.6 0.038189498572904414 0.0036665486488283742 -0.0025036417763909897 0.02184584541115581 0.008976669837530494 0.004085155526761769 
33.7 0.03252149023563461 0.0036234836868338327 0.0011112261062734261 0.025884233278298648 0.011010102815988904 0.0019235892055863098 
33.800000000000004 0.029230412865317863 0.0030247475032307222 0.0002587734286421949 0.027791400703060822 0.0071017673703074775 0.005570684170723311 
33.9 0.03019100131419293 0.0032092261029837517 0.0065690572530406055 0.030798261987996598 0.004680550545624437 -0.0032598321213863713 
34.0 0.030523100918918043 -0.0001756188195264091 0.011205467271092914 0.019241505133099367 0.0003944227029582578 -0.0003826257015295628 
34.1 0.022981558254642924 0.002298494268091502 0.014023220810926933 0.022633697357628036 0.0014838951093150748 -0.0011119070616561113 
34.2 0.021413693515313272 0.0020987432015989343 0.01280148990578904 0.017796018984355736 -0.005207120600026094 0.002796124246709896 
34.300000000000004 0.020436506002744614 0.0026272056294959767 0.010813142197692884 0.013017310077178101 -0.0028546800089778975 0.0043785918958204615 
34.4 0.02739201945116133 0.0010270209599593705 0.008236624992996298 0.008713220593988075 0.002596947568342242 -0.005284270682833714 
34.5 0.02442987828181192 -0.004104491771351162 0.0018682468823292588 0.010113230829812027 -0.0020865318081307806 -0.010638499254586771 
34.6 0.017263204793908003 -0.006603731949928669 -0.00029215641206729507 0.006681432098107951 -0.0027038137117366646 -0.009923801058220947 
34.7 0.01633839146784245 0.0033273677896779132 0.0015667325554020583 0.007264110932167433 0.0008200688682185841 -0.0007702021760690726 
34.800000000000004 0.019186679950998115 0.006548072466676757 0.0013376575820583398 0.00386682449637698 -0.0032747833484122408 0.000984867271271932 
34.9 0.020101840672091226 0.003583059121854188 0.0025470330056489225 -5.035453032935564e-05 -0.002170457066302859 0.004791245994864685 
35.0 0.020501563291105685 0.007105953624426709 0.007149721913380529 -0.0015910931577684444 0.003659395191407147 0.005419666488261769 
35.1 0.02976452630588299 0.0011465534085813112 0.004566999753428838 0.008888634644936038 0.002937144218132278 0.007918239974096191 
35.2 0.03634648958490314 0.00124130950905271 -0.0031575545092873882 0.01025420487030213 0.0019848271280691206 0.014408540948108419 
35.300000000000004 0.031243957215322905 0.0017112625442920275 -0.011527110388093143 0.016325262079345173 -0.00038605001356955133 0.014362944173829405 
35.4 0.032775084597653825 -0.0038485871572541213 -0.0014142575625926582 0.008626769790936512 -0.0008580689399717684 0.014274900883238715 
35.5 0.03242516129085475 -0.008792534212364268 0.005350265068003107 0.0006399398550211515 0.005123736406552245 0.014032845525343549 
35.6 0.02854530349456482 -0.003109814961757702 -0.001069606985376538 0.005018493720681502 0.007767747480764555 0.012706048942171389 
35.7 0.0302703632644565 -0.002914420174749059 0.003420406821565146 -0.0012737714688086613 0.013292961000789047 0.015737078469422815 
35.800000000000004 0.026553290492394438 -0.003646202131359108 0.0038823440636047537 -0.005495459168570057 0.008430643575278994 0.015401169697637558 
35.9 0.022381554370729553 -0.0007612351314475157 0.0058513408652382986 -0.010072368281347735 0.0013747795026663205 0.013118384014655942 
36.0 0.017595761473325564 -0.003964641340284911 0.016350269985537354 -0.012543203262013415 -0.0011680103218622189 0.012680175883207703 
36.1 0.013853849961365705 -0.010233567103538064 0.011804179811026992 -0.006466764509172408 -0.00874145140926758 0.012654634048241466 
36.2 0.010261604870342647 -0.013445351866715144 0.013406300303755916 -0.007356214892080732 -0.0011134165964166438 0.005252315469661259 
36.300000000000004 0.005254738990709649 -0.01660957834127571 0.008772456018916307 -0.010654739551675061 0.0028497613203490144 0.010699079896807222 
36.4 0.0025683516919419924 -0.019232767203714828 0.013930286272098079 -0.011820584080721803 0.0051488994532076105 0.012255693825712118 
36.5 0.00716717406596803 -0.01210194001189605 0.006620593822016593 -0.012659269483771121 0.008061006138095501 0.014645900899830862 
36.6 0.011570741359758035 -0.015172718907917377 0.010800216776454619 -0.007316110036118769 0.018578861371705467 0.01296754375619397 
36.7 0.014281885675469369 -0.01792269471796421 0.009781291857102642 -0.004792491273891025 0.02134038376838231 0.008111849328306258 
36.800000000000004 0.014953888665614654 -0.018569862576509357 0.011810153557136275 0.0012790865990081031 0.018860480872700133 0.009867424651567282 
36.9 0.011983555163832024 -0.014927462271113728 0.004427546370700292 -0.004338960404086534 0.023197368742036234 0.007627327660292593 
37.0 0.013995367538226344 -0.021315423899941857 0.005743905975968293 -0.0008761705227189193 0.01902513452785952 0.012299605858591698 
37.1 0.006466027240324718 -0.026929963581420288 -0.0006045310698199906 -0.003946125781690942 0.0206256641951372 0.016130893344305366 
37.2 0.008312860062694872 -0.028987608857032644 0.0026813785735601676 -0.004368234310476182 0.010405436540326591 0.009004579597277209 
37.300000000000004 0.01187625316779185 -0.02906821576452506 0.010276845657913645 -0.00428867825308119 -0.00017461093531450302 0.011601988678825082 
37.4 0.002752028041754829 -0.0240216317888563 0.0030314367773895258 -0.008976797482729731 0.0009723162350457124 0.004948796095376049 
37.5 0.0040546610431069635 -0.02366172801290934 0.0007686776935923486 -0.004379619817891984 0.009490336458696676 -0.0002773739918131902 
37.6 0.008043604132770346 -0.02813103151697736 -0.00737523390867594 -0.0002467525331604918 0.007760012339559354 0.0036685283517955036 
37.7 0.011161724988210806 -0.025504051162047212 -0.016108017164391517 -0.002364708897248036 0.01120299046828379 0.009545360980881247 
37.800000000000004 0.011903478913863291 -0.01700691699602041 -0.008037691811996183 -0.005391736036827244 0.012434466072954547 0.010204367540586116 
37.9 0.007040444242327342 -0.011423396592809066 -0.0029757541839967308 -0.003963100559594237 0.018187744882828063 0.008784871140019532 
38.0 0.008563103247935341 -0.01553689820125202 -0.006524417302903139 -0.00304234683184845 0.023356048797582785 0.00798061409059436 
38.1 0.005606575472809291 -0.017807164782351843 -0.0048173761988544546 -0.006811370247150722 0.01960475578221501 0.011919485968517995 
38.2 0.009535296709636706 -0.011057369665943288 -0.00021201950800154776 -0.01049997167348633 0.016430705257733807 0.005337092802951187 
38.300000000000004 0.009677928420649367 -0.00839299892130111 0.0065301803572269295 -0.005801429745453653 0.009122737543405994 0.0012893562208126852 
38.400000000000006 0.009414131092441446 -0.0065726616779093715 -0.0024683975946377776 -0.004785948711162363 0.0017395522822473244 0.004585589209659525 
38.5 0.012090148059545768 -0.006817737430858375 -0.002736233964842011 -0.012050889720633305 -0.004951275290049341 0.0022904295684465304 
38.6 0.014227375194601792 -0.004317882911325915 -0.005890924350692267 -0.016961634245526595 -0.008611369352417802 -0.008360175990380605 
38.7 0.010679590296366394 -0.002752815411758052 -0.005917348444117875 -0.011632534265272452 -0.0022944012106424915 -0.0038553672133350373 
38.800000000000004 0.011236979278706871 -0.005761552997762083 0.0008105261545730585 -0.007656710295830956 0.005431497682790184 -0.005517674946269526 
38.900000000000006 0.01098362251111416 -0.0038178579705530906 0.0038036185259414006 0.00023650436806682293 0.005293282800303903 0.0018306509303087004 
39.0 0.007868832651177325 -0.003925649170744078 0.008547191406575064 -0.001686785154892638 0.005662005449382653 0.006043098077453334 
39.1 0.012763970207678721 -0.0007432881090088938 0.0010369962657623489 0.0023590423406700616 -0.004147316723358936 0.004275195751591111 
39.2 0.008974253335566519 0.00196993755032144 0.014152281573003597 5.395027273793502e-05 -0.006470228228934511 0.003660627246105693 
39.300000000000004 0.008107537401012013 -0.00029116686412866455 0.015102745224581705 -0.008846856961020942 -0.005777421721942983 0.006188950068402365 
39.400000000000006 0.004536369151310348 -0.005252441129655836 0.013236831400487651 -0.010740580483503945 -3.410842138430858e-05 0.014200633736697037 
39.5 0.006118598473990407 -0.009020949328813178 0.013741889560393187 -0.015669012419447875 -0.0019368554516851866 0.010116249563564649 
39.6 0.0057174940593778265 -0.009545925676342925 0.013570288586126454 -0.005301303226383554 0.003658382984720984 0.006821620458308547 
39.7 0.004528483187157498 -0.006415832042117925 0.013419206424924918 -0.006556554156337512 0.0011975993982085266 0.001944320748353545 
39.800000000000004 0.0040950386969330795 -0.0068212461423330555 0.008195123377502828 -0.0016047892098842726 -0.004018703241657633 0.011361531884640454 
39.900000000000006 0.00044145079033849725 -0.0029971106346459446 0.0015103343699843642 -0.0012557354043146447 -0.007125502405810582 0.011756946214571762 
