0.0 2.0 0.0 7
0.01 1.9795943582781934 0.0198535803059681 7
0.02 1.959761756134855 0.03937544120032868 7
0.03 1.9399599657114526 0.05856441197920564 7
0.04 1.921362735774893 0.07781701065184866 7
0.05 1.9023122570005662 0.09654564980716403 7
0.06 1.8839584966970189 0.11467623078280517 7
0.07 1.8648329980292413 0.13267211939153886 7
0.08 1.8464367799073447 0.15040723771097833 7
0.09 1.8276068456330374 0.16766081379231787 7
0.1 1.8095934836019596 0.18463918826410944 7
0.11 1.7912804583101407 0.20076686638551705 7
0.12 1.7729097446816915 0.217210065074773 7
0.13 1.7553097526744887 0.23218193117309568 7
0.14 1.7372966550986038 0.2479989788478704 7
0.15 1.7198565119019948 0.26254437949782006 7
0.16 1.7027287413755998 0.27690800861240195 7
0.17 1.6855460140271865 0.2914491154854499 7
0.18 1.6689203549906937 0.3050205754437637 7
0.19 1.651932016776242 0.31927741872405274 7
0.2 1.6358143140802277 0.3331226123714201 7
0.21 1.6192171611617308 0.3469130163554135 7
0.22 1.602760184189695 0.3612547421783485 7
0.23 1.5869456800984947 0.37371319355602955 7
0.24 1.5708810122552008 0.38593781629314217 7
0.25 1.5547503683693573 0.39786948824168217 7
0.26 1.5397335170776076 0.4099252245369804 7
0.27 1.5238739431022312 0.420781977909738 7
0.28 1.5086796775102487 0.4317878120890133 7
0.29 1.4936538172922351 0.4441657500233647 7
0.3 1.4783267418713721 0.45512885226728583 7
0.31 1.4638690584173015 0.466162390820255 7
0.32 1.4493834357804156 0.47739189393403314 7
0.33 1.434683411903636 0.48880822906448174 7
0.34 1.4206770447331918 0.4984000771293639 7
0.35000000000000003 1.4063282039222518 0.5090904529474404 7
0.36 1.3925335532321075 0.5200945319504863 7
0.37 1.3784726370046498 0.5306226458418161 7
0.38 1.3650936585616833 0.5393389322894091 7
0.39 1.3513224648677211 0.5481096242171183 7
0.4 1.3374170273031407 0.5585745406315861 7
0.41000000000000003 1.324582693338015 0.5682461096184361 7
0.42 1.3111400632379213 0.5760546943377067 7
0.43 1.297524403800914 0.5849189935002705 7
0.44 1.2839743773386803 0.5925954921519262 7
0.45 1.270814444428836 0.602078801340951 7
0.46 1.2581911812375632 0.6108489740699813 7
0.47000000000000003 1.2460606768330946 0.6185877823346085 7
0.48 1.2340058550824267 0.6260391044335513 7
0.49 1.2214939383227996 0.6338552305713513 7
0.5 1.2092667897395728 0.6415316384986286 7
0.51 1.197116109687889 0.6477566645596703 7
0.52 1.1852009448292111 0.6548811249455262 7
0.53 1.1730253509254114 0.6622917971064681 7
0.54 1.1613974745391755 0.6686586685221597 7
0.55 1.1498867650880404 0.6755874422498336 7
0.56 1.1375455435836508 0.6822871750720051 7
0.5700000000000001 1.1261355440532468 0.689056916183392 7
0.58 1.1148318728630242 0.6944156131656137 7
0.59 1.1039280850671425 0.6995493942765433 7
0.6 1.0933820632515416 0.7060159383408804 7
0.61 1.0829291924067594 0.711298887670938 7
0.62 1.0716688618325618 0.7176156417796281 7
0.63 1.0607058969446945 0.721723890254035 7
0.64 1.0494748739910333 0.7280170086548079 7
0.65 1.0390094737546545 0.7341937096547095 7
0.66 1.0286865311242643 0.7403873768474412 7
0.67 1.0186926107674175 0.7454829827968729 7
0.68 1.0091559734919442 0.7509147424642505 7
0.6900000000000001 0.9988498224102464 0.7563745073697423 7
0.7000000000000001 0.9894858353127903 0.7616411080760729 7
0.71 0.9797336118891374 0.76604998642805 7
0.72 0.9703070647289138 0.7703321284081298 7
0.73 0.9612007382660966 0.77601080057416 7
0.74 0.9513503869601204 0.7801047123256347 7
0.75 0.9424123800904797 0.7831659167708976 7
0.76 0.9332852903735986 0.7861348473160734 7
0.77 0.9236210434853095 0.7907429621963684 7
0.78 0.9144250856488224 0.7953854547451841 7
0.79 0.9053264452947136 0.7995430195295968 7
0.8 0.8968017164914448 0.8038103831863971 7
0.81 0.8880872216480447 0.8059925655687791 7
0.8200000000000001 0.8793998764923057 0.8084747709951892 7
0.8300000000000001 0.8710062955732271 0.8108384160670561 7
0.84 0.8629723402743115 0.813536160394205 7
0.85 0.8533492325588122 0.8167860082687957 7
0.86 0.844920126497733 0.8208125760742492 7
0.87 0.8361293919505958 0.8242427762674104 7
0.88 0.8274998769135398 0.8284350412288869 7
0.89 0.8189328510116247 0.8316719981084754 7
0.9 0.8108518906824635 0.8356308073245096 7
0.91 0.8023822800760401 0.838886653792073 7
0.92 0.7942431710939604 0.8431272568189697 7
0.93 0.7864671256788069 0.8454934043373717 7
0.9400000000000001 0.778834602484895 0.8492812018214851 7
0.9500000000000001 0.7713402141235628 0.8517955908645455 7
0.96 0.7642786833487477 0.8543281885010361 7
0.97 0.7567159174009606 0.8557666552819236 7
0.98 0.7492227146223028 0.8594158629133108 7
0.99 0.7412448100787963 0.8619750677919723 7
1.0 0.7334943417745925 0.8638294512944157 7
1.01 0.7258727732812305 0.8661306429990554 7
1.02 0.7192056504611704 0.8682123710689263 7
1.03 0.7122428655450292 0.8703808434309617 7
1.04 0.705493900546951 0.8736284276977319 7
1.05 0.6983388718341654 0.8768737018039321 7
1.06 0.6910084453740242 0.8796883857609783 7
1.07 0.683616839256405 0.8823316300057665 7
1.08 0.6763047591895576 0.8842436401028565 7
1.09 0.6700059385602237 0.8870040479019102 7
1.1 0.6629243935106865 0.8892119598354429 7
1.11 0.6561358606306881 0.8924879687244864 7
1.12 0.6494590162727442 0.8956681052202526 7
1.1300000000000001 0.6430723187307993 0.899029450250003 7
1.1400000000000001 0.6374661826684357 0.9010131443103896 7
1.1500000000000001 0.6301503840315879 0.903354455136483 7
1.16 0.623559468345611 0.905233590809592 7
1.17 0.6173111903341887 0.9076187636641099 7
1.18 0.6102822798396113 0.9092241301329076 7
1.19 0.6045712533115762 0.9102462279188087 7
1.2 0.5982167948963951 0.9122668284931954 7
1.21 0.5916067636296074 0.9119271869334007 7
1.22 0.5848033324092751 0.9136107512488938 7
1.23 0.5790063583218412 0.9154718693521529 7
1.24 0.5733475835944336 0.9187379783688441 7
1.25 0.567130750969332 0.9205640345442431 7
1.26 0.5622382409443787 0.9221974496679758 7
1.27 0.5561784036154913 0.9213211140107318 7
1.28 0.5500613368465159 0.9231974584628497 7
1.29 0.544921997567037 0.9251627995214425 7
1.3 0.5387385794716265 0.927510288348433 7
1.31 0.5333958299724697 0.929867992400888 7
1.32 0.5276874684143542 0.9314137095545582 7
1.33 0.5219783648666377 0.9332114211509229 7
1.34 0.5172961012352517 0.9348117588456052 7
1.35 0.511697462234913 0.9361822071771677 7
1.36 0.5052875340314988 0.9376538419205218 7
1.37 0.499568058686342 0.9374418047104167 7
1.3800000000000001 0.49522183733375646 0.9372428444772204 7
1.3900000000000001 0.49033071077106094 0.9384831959305373 7
1.4000000000000001 0.4849763819175496 0.9394292254721299 7
1.41 0.48013220482097524 0.9400726013889511 7
1.42 0.47565765855600445 0.9392871532208077 7
1.43 0.47043902685892264 0.940280430420677 7
1.44 0.46517171335859486 0.94205987102303 7
1.45 0.4606221949433294 0.943510464348541 7
1.46 0.45537761836108975 0.9428386630026522 7
1.47 0.4508642296682654 0.9442862621838288 7
1.48 0.446636952863269 0.9448714563936216 7
1.49 0.44255048106158007 0.9465167180570713 7
1.5 0.43795392146899387 0.9468813350763187 7
1.51 0.4341157124906244 0.9481858944709942 7
1.52 0.42934204602911474 0.9467537432591242 7
1.53 0.42544744242817045 0.9487688703470425 7
1.54 0.4212390744065272 0.951474021598727 7
1.55 0.4172441410177789 0.95214364680723 7
1.56 0.41316639834428287 0.95431425850959 7
1.57 0.4094097764981957 0.9557769022538567 7
1.58 0.4046022536316182 0.9569289784453211 7
1.59 0.4001978760410637 0.9596662992412746 7
1.6 0.3956784831468822 0.9608034770017653 7
1.61 0.3924177562085717 0.9622479272437754 7
1.62 0.3883482195187312 0.9646695015903956 7
1.6300000000000001 0.3844750438039871 0.9653140093162036 7
1.6400000000000001 0.3806913568627998 0.965092045232112 7
1.6500000000000001 0.3771645023013449 0.9672139753139207 7
1.6600000000000001 0.3740832805627813 0.9685854297660146 7
1.67 0.3700917012309137 0.9700265839218822 7
1.68 0.3661883221355859 0.9704336951605771 7
1.69 0.3619822314585965 0.9704665163240129 7
1.7 0.3575951594330797 0.973560501318557 7
1.71 0.3534369376275174 0.9744836288852308 7
1.72 0.3493941451594475 0.9747264086813682 7
1.73 0.34598556200085046 0.9770569218211774 7
1.74 0.34211580701065913 0.9764091960047611 7
1.75 0.33882418811116527 0.9780777810976917 7
1.76 0.3357109123855974 0.979097423900117 7
1.77 0.3324806575140091 0.9806293851643105 7
1.78 0.3295290184026753 0.9809792896620996 7
1.79 0.3258580825526033 0.9797165299967716 7
1.8 0.3231270548950543 0.9810390387258453 7
1.81 0.31861611819558733 0.9810477520258227 7
1.82 0.31463177562873457 0.98112728161089 7
1.83 0.31241671541699323 0.9827247438227287 7
1.84 0.30848115279539945 0.9839654467147189 7
1.85 0.30595864816477164 0.9841460710525859 7
1.86 0.3027124125170369 0.9849074025165293 7
1.87 0.3002550534029032 0.9860405663824594 7
1.8800000000000001 0.29747432401755375 0.9874958397820748 7
1.8900000000000001 0.29475009529824747 0.9884564194766742 7
1.9000000000000001 0.2914090533085043 0.9876739861926972 7
1.9100000000000001 0.2879907053654534 0.9890437576578978 7
1.92 0.2849845594681709 0.9898037479828935 7
1.93 0.28237520197994564 0.9915044995809086 7
1.94 0.2792490511707592 0.9902321208377618 7
1.95 0.27703001814716505 0.991349232707613 7
1.96 0.27464642497918335 0.9919722867120897 7
1.97 0.2720238349328414 0.9918862102228819 7
1.98 0.26912908270118363 0.9917324792605572 7
1.99 0.26546496998546854 0.9929851950628913 7
2.0 0.2625449866001569 0.9935013248047155 7
2.0100000000000002 0.2599198314479499 0.9932093286151954 7
2.02 0.2572835845204919 0.9928067024374588 7
2.0300000000000002 0.25439488607986127 0.9930910680495918 7
2.04 0.2522507711790111 0.9928822305509305 7
2.05 0.24992553963826666 0.9927669892877516 7
2.06 0.2471000858978615 0.9924837757333662 7
2.07 0.2439665277781729 0.993017017769473 7
2.08 0.24117898982943056 0.9935536082237801 7
2.09 0.23874993519148252 0.994120820952304 7
2.1 0.2365313855935946 0.9937224035861687 7
2.11 0.23302776921239893 0.9943531999768448 7
2.12 0.2312475308320238 0.9945823521580084 7
2.13 0.22847097113213038 0.9957466437707576 7
2.14 0.22622720632513596 0.9938311475249422 7
2.15 0.22274359087296788 0.9930597909082209 7
2.16 0.21989595876868417 0.9930050377963074 7
2.17 0.21689312843702946 0.9925716368274343 7
2.18 0.21440482623463297 0.9929401724214246 7
2.19 0.21191955072201774 0.9937896690536232 7
2.2 0.2100756857924065 0.9925477368933637 7
2.21 0.2082415650811262 0.990985283032485 7
2.22 0.20648984062323256 0.9911485553424506 7
2.23 0.20480649942623502 0.9894184279587496 7
2.24 0.20246671251670897 0.9907421512468421 7
2.25 0.20049981797351762 0.9908974861586789 7
2.2600000000000002 0.19905727570194154 0.9911419165521268 7
2.27 0.19780665220563595 0.9912747046064532 7
2.2800000000000002 0.19664602991415636 0.9899092743100554 7
2.29 0.1946088462646243 0.9884482264656058 7
2.3000000000000003 0.19250082554075168 0.9899079732987233 7
2.31 0.1905342623166758 0.9915812772417084 7
2.32 0.18817269565523476 0.9912576650493676 7
2.33 0.18647852962610684 0.9924161000948593 7
2.34 0.1848254594490584 0.992858839845744 7
2.35 0.18236367613434745 0.9940920685585002 7
2.36 0.18098972879782788 0.9945472110075051 7
2.37 0.17941590454995188 0.9924374835651193 7
2.38 0.17810461672784847 0.9932141637312163 7
2.39 0.1757790390934025 0.9936813318242356 7
2.4 0.17459934481629585 0.9926960238888294 7
2.41 0.1720607827088607 0.9927614154321035 7
2.42 0.17009546511264612 0.9933744868976472 7
2.43 0.16859202359658382 0.9940755698213268 7
2.44 0.1670856136356357 0.9935298306977961 7
2.45 0.16542000068787271 0.9941916287369642 7
2.46 0.16379323469842583 0.99342160309944 7
2.47 0.1614054656215025 0.993248657561861 7
2.48 0.15901582913836007 0.9945872932604387 7
2.49 0.15708686425678942 0.9952823782737418 7
2.5 0.15527895532536434 0.9956232633144152 7
2.5100000000000002 0.15341117220598688 0.99572261571095 7
2.52 0.1523662911668206 0.9953650352086112 7
2.5300000000000002 0.15131339591331866 0.9963190951623564 7
2.54 0.14960847296910074 0.9958031306557887 7
2.5500000000000003 0.14840131203366522 0.9977524687910759 7
2.56 0.14720806001267106 0.998029104167593 7
2.57 0.1465262290417267 0.9975517656696604 7
2.58 0.1457989036767306 0.997032903041932 7
2.59 0.14428267983443785 0.9973083336775231 7
2.6 0.14226652129516817 0.9975623283089192 7
2.61 0.14043266592037712 0.9980450904280501 7
2.62 0.1394717078085697 0.9978291326889982 7
2.63 0.13856735340088083 0.9974565765328005 7
2.64 0.1367277571085869 0.9986923527729584 7
2.65 0.13557129811773075 0.9993240263929631 7
2.66 0.1352480749554551 0.9986870211034463 7
2.67 0.13307580416915588 0.9986265836834918 7
2.68 0.13149060294194578 0.9997417768543615 7
2.69 0.12998848908610156 1.0008085033823038 7
2.7 0.12821216809698674 1.000809032998563 7
2.71 0.12654769491963944 1.001546530535997 7
2.72 0.12613059572482552 1.0005126369687072 7
2.73 0.12503016486352186 1.0016189120080223 7
2.74 0.12378271712405368 1.0020496887869854 7
2.75 0.12360651821481516 1.0017463141640417 7
2.7600000000000002 0.12290429974670697 1.0013131859625937 7
2.77 0.12266032363797529 1.0001089286693707 7
2.7800000000000002 0.121266921841162 1.0004566336724647 7
2.79 0.12060646072008475 1.0010630862373047 7
2.8000000000000003 0.11863565507170788 1.0007749065311207 7
2.81 0.11745263402965483 1.0011835823003676 7
2.82 0.11669706465014384 1.000260957374742 7
2.83 0.11524495033308842 1.0001249305351085 7
2.84 0.11372319926660104 1.0005484181322617 7
2.85 0.11269729224579324 0.9992214697855839 7
2.86 0.11029288047257256 0.999043500986555 7
2.87 0.1097543098360158 0.9995901942132779 7
2.88 0.10847757579222198 1.0005394762171655 7
2.89 0.10815823705053738 1.0002032959189766 7
2.9 0.10630588024603971 1.0003342897977956 7
2.91 0.10548461794670462 1.0002194720173814 7
2.92 0.10419103925663094 0.9989080974478665 7
2.93 0.10345686344695912 0.9980085428634129 7
2.94 0.10330569399877527 0.997226782379202 7
2.95 0.10201203512194121 0.9952851770606677 7
2.96 0.10123351621224208 0.9962274173983842 7
2.97 0.10083277285067774 0.9976716414881135 7
2.98 0.09904064920162022 0.9979354152867169 7
2.99 0.09723717642041631 0.9976966183554733 7
3.0 0.09696182962873234 0.9975370749085637 7
3.0100000000000002 0.09609459027265853 0.9968224931882254 7
3.02 0.09562637216563857 0.9984625842917746 7
3.0300000000000002 0.09411280917524825 0.9983189880955269 7
3.04 0.09282633089141382 0.9985124301700207 7
3.0500000000000003 0.09181800647553626 0.9990655067490596 7
3.06 0.0901618343907152 0.9978294309254799 7
3.0700000000000003 0.08855462745793156 0.9990632113141154 7
3.08 0.08819379710381187 0.9990004647396483 7
3.09 0.08679612256077111 0.9993523607216948 7
3.1 0.08586536008986992 0.999924564858978 7
3.11 0.08579130843391833 0.9996927833894752 7
3.12 0.08539505216279698 0.9999089959752859 7
3.13 0.08465405766327282 0.9999073250367063 7
3.14 0.08337770231556904 1.0014515197309874 7
3.15 0.08224527161031706 1.0027818963025585 7
3.16 0.08087133383108057 1.0021645493358893 7
3.17 0.07967242210425975 1.0014799374828343 7
3.18 0.07817968824553508 1.0007087244844581 7
3.19 0.07715796879222178 1.0000020118803632 7
3.2 0.07688871179734638 1.0007624834745694 7
3.21 0.07541817144693874 1.0018966834041192 7
3.22 0.07435789494904702 1.0018343225532982 7
3.23 0.07335523243574929 1.0013511527565124 7
3.24 0.07245278619705776 1.000662054741853 7
3.25 0.07137120291248894 1.0021262094962784 7
3.2600000000000002 0.07069421888541068 1.003007343041964 7
3.27 0.0693256793547908 1.002830486294882 7
3.2800000000000002 0.0683945600230574 1.0027263267800275 7
3.29 0.06741224174644639 1.0032865770434818 7
3.3000000000000003 0.06679051134315053 1.0016477942450914 7
3.31 0.06618488109977065 1.0021339605147797 7
3.3200000000000003 0.0661275347018121 1.0023608098861614 7
3.33 0.06494978466722263 1.003386887098837 7
3.34 0.06378037295030174 1.003924435508514 7
3.35 0.061334785011075976 1.0044316788113254 7
3.36 0.06071670301332702 1.0050564053917712 7
3.37 0.059171569283975906 1.0057349456339248 7
3.38 0.05843221389719453 1.005415608928341 7
3.39 0.057903619993647924 1.0037818336697228 7
3.4 0.05751310905773173 1.0027855493978521 7
3.41 0.05579154145755387 1.0029399163098465 7
3.42 0.05529945941614302 1.0019273027610918 7
3.43 0.05533961988856883 1.0014485653274625 7
3.44 0.0549784133395199 1.0007300122495892 7
3.45 0.05460934767785111 1.0014356420379602 7
3.46 0.054410678511239985 1.0030923651194388 7
3.47 0.05326459208102044 1.0035295180123003 7
3.48 0.05302028840488093 1.003179853519955 7
3.49 0.05229984153783719 1.0037496426869807 7
3.5 0.052049068530285486 1.0039101506534012 7
3.5100000000000002 0.05123714209707322 1.0047769515658687 7
3.52 0.04962165434131729 1.0037903437834803 7
3.5300000000000002 0.048978049483755205 1.0050768986034861 7
3.54 0.048467893977037456 1.0039716560754077 7
3.5500000000000003 0.048418477044418935 1.0023834711675417 7
3.56 0.047364174259353894 1.002262109607076 7
3.5700000000000003 0.047146200149672225 1.0021659852602112 7
3.58 0.04719993672339598 1.003202850760789 7
3.59 0.046733105128414 1.0028012682591994 7
3.6 0.046440742674148626 1.0031223210250289 7
3.61 0.046636210306308115 1.0029032575734742 7
3.62 0.04593259494392309 1.001694883014554 7
3.63 0.044381603079099496 1.002689726011307 7
3.64 0.044432094771921254 1.0020657988996933 7
3.65 0.04428289048406407 1.0024776264593296 7
3.66 0.04389039161802706 1.0021435735956614 7
3.67 0.04374016989560322 1.002834947908949 7
3.68 0.04360857123395846 1.0020214868943953 7
3.69 0.04334841896030385 1.0014487966756873 7
3.7 0.04328018324604039 1.002624119791279 7
3.71 0.042483873307704145 1.0033570434885597 7
3.72 0.041870229980405974 1.003810592977919 7
3.73 0.041352548611419494 1.0036031255197586 7
3.74 0.040540128666291725 1.0053522153560015 7
3.75 0.04013861512442287 1.0054051832851374 7
3.7600000000000002 0.0399657459762214 1.006971659270969 7
3.77 0.03999801793580657 1.007774466229212 7
3.7800000000000002 0.03968904204129182 1.0073986146414324 7
3.79 0.03933775309038889 1.007608793024963 7
3.8000000000000003 0.039533423674235874 1.007298564944451 7
3.81 0.039373749240243686 1.0065289910005264 7
3.8200000000000003 0.038584250966542215 1.0067704290519632 7
3.83 0.03774841613024549 1.0053498858130723 7
3.84 0.03745380397379935 1.0053412973393496 7
3.85 0.03657065793569212 1.007245921389112 7
3.86 0.03634547448443681 1.005572909609962 7
3.87 0.0354942917872199 1.0053244846373635 7
3.88 0.035571499998446464 1.0060139252709461 7
3.89 0.03396092166614389 1.0060692003710296 7
3.9 0.03284407452265922 1.0064625997389023 7
3.91 0.033074051346324726 1.0057814345455296 7
3.92 0.03190073123283565 1.0057805358203002 7
3.93 0.03218614051725226 1.0059670177192361 7
3.94 0.03230536884390366 1.0064270582592874 7
3.95 0.03195340234865692 1.0080350658031316 7
3.96 0.031888564662442914 1.0069032198518126 7
3.97 0.031045622570887516 1.007088518098322 7
3.98 0.03058360180036158 1.0073990399401522 7
3.99 0.03039465961222528 1.0054960951399186 7
4.0 0.029877587319404236 1.0055000922140125 7
4.01 0.029398275443593667 1.0042852115277328 7
4.0200000000000005 0.029195407159603493 1.0039857010825894 7
4.03 0.029404279469519016 1.0024877636753933 7
4.04 0.028938676395959366 1.0021115190470737 7
4.05 0.028735777626487484 1.002483259144201 7
4.0600000000000005 0.028699194420776442 1.0008266254403233 7
4.07 0.02950545175708567 1.0001659236479312 7
4.08 0.028805130284188896 0.9996438564702573 7
4.09 0.028463585966578348 0.9993376826919457 7
4.1 0.027738090337009004 1.0002476908876965 7
4.11 0.027524824301874043 0.9999131836718221 7
4.12 0.02746920698232307 1.0004885491966817 7
4.13 0.027156468499378115 1.000385038800792 7
4.14 0.02712593368757075 0.9996848068132418 7
4.15 0.026443543389745305 0.9993210935685859 7
4.16 0.026470033869749453 0.9995783910321264 7
4.17 0.026121371261609343 0.9990586535063976 7
4.18 0.02597237514682553 1.0002070072143234 7
4.19 0.026408046101379413 1.000123446813676 7
4.2 0.026551275065771755 1.0005035658119579 7
4.21 0.025796094165271313 1.0013178802882523 7
4.22 0.02443824186482304 1.000268128006203 7
4.23 0.024381357053117125 1.000162438646343 7
4.24 0.024424855661394712 0.998605517843954 7
4.25 0.02379037753499238 0.9969393686867882 7
4.26 0.023842061116592785 0.9976869997048335 7
4.2700000000000005 0.024308454434595356 0.9984667678573872 7
4.28 0.023531242812909546 0.9978667971827286 7
4.29 0.023774397887791184 0.9982911424909044 7
4.3 0.0238828386014396 0.9974944495811477 7
4.3100000000000005 0.02375580916797243 0.9975928890126773 7
4.32 0.02323068265924701 0.9984301051706881 7
4.33 0.023115623508421418 0.9982766991395464 7
4.34 0.022683727791806513 0.9970944010978561 7
4.3500000000000005 0.022587928481485088 0.997813140216218 7
4.36 0.02247333260158183 0.9973492081621126 7
4.37 0.022567667661648267 0.9969672286674052 7
4.38 0.022223168661859437 0.9958980879185386 7
4.39 0.022035259130479868 0.9969964590712037 7
4.4 0.02259106920468722 0.9975214820548003 7
4.41 0.022827796858388726 0.9970419198388141 7
4.42 0.021711812112925912 0.9962531106255715 7
4.43 0.021842637411390357 0.9972736866966692 7
4.44 0.021107634070257585 0.9991244505517152 7
4.45 0.019905323291899823 0.9998777412418088 7
4.46 0.020285430222955154 1.0006191564213922 7
4.47 0.02080625923432952 1.000737692721834 7
4.48 0.0200568867901414 1.001076076342929 7
4.49 0.019691527124830095 1.001076970164151 7
4.5 0.019850723461232452 1.001801174685108 7
4.51 0.01935259678126312 1.000068177937767 7
4.5200000000000005 0.019510297585523417 1.0015366299796309 7
4.53 0.0195018226467266 1.001200223509496 7
4.54 0.01900041717522646 1.0013916650445567 7
4.55 0.019375978659499856 1.0031272485028335 7
4.5600000000000005 0.018615559627167988 1.002910574421023 7
4.57 0.017999608918442166 1.0027724021137463 7
4.58 0.01701665449514965 1.002278739715813 7
4.59 0.016477220296377826 1.0020107350054521 7
4.6000000000000005 0.016147057551066452 1.0001971470131445 7
4.61 0.016664064361138948 0.9992303498289999 7
4.62 0.01683547303213468 1.0011143274814456 7
4.63 0.017126566875592674 0.9997832962033031 7
4.64 0.01701231625159623 0.9999980624543344 7
4.65 0.01782694318769182 1.0025502140039688 7
4.66 0.018432519394121077 1.00128724418511 7
4.67 0.01893109182436294 1.001824935050839 7
4.68 0.018773345021990143 1.001387471075829 7
4.69 0.0185760543153191 1.0025623714281726 7
4.7 0.01769151899106557 1.003169224030015 7
4.71 0.017268316187578493 1.0033925108080222 7
4.72 0.01764678954620844 1.0024067074823981 7
4.73 0.01735368250233442 1.002365622799915 7
4.74 0.017052428828777187 1.0044806879876862 7
4.75 0.01697426181709058 1.0046632507998832 7
4.76 0.01706118592035236 1.0038131837630098 7
4.7700000000000005 0.016539495334474866 1.0040212771611638 7
4.78 0.01660984182306967 1.0045340673745042 7
4.79 0.016419213451652988 1.0040806525119375 7
4.8 0.016788385138954993 1.0048041224192679 7
4.8100000000000005 0.016780964021765557 1.0022259723931601 7
4.82 0.016865959365866486 1.0024217209413306 7
4.83 0.016379012358144585 1.002500525425357 7
4.84 0.016687660166302225 1.0020360384099105 7
4.8500000000000005 0.015944553981304413 0.9999326384799226 7
4.86 0.015944989029074715 0.9996593633737207 7
4.87 0.015578525022603807 0.9989565315664455 7
4.88 0.01553161234022292 0.9997203553213782 7
4.89 0.015646003926637248 0.9994025800073058 7
4.9 0.015011223481841831 1.000350765125842 7
4.91 0.01487139482571317 1.0014110720633675 7
4.92 0.014565495525819643 1.0012255044574863 7
4.93 0.013733246086283759 1.002003640302691 7
4.94 0.01327288145176209 1.0003439112188983 7
4.95 0.0137196773102561 1.0007428174621356 7
4.96 0.013757437656605365 1.0004513267849036 7
4.97 0.014160295358666187 1.0000618107037005 7
4.98 0.014014319873768569 1.000325282440731 7
4.99 0.014106351800658036 1.000289022914858 7
5.0 0.014329739974833456 1.0013262832812033 7
5.01 0.014562137624887932 1.0015627024190235 7
5.0200000000000005 0.014251253409937367 1.0004960978729736 7
5.03 0.014163871255016038 1.0011587645286484 7
5.04 0.014258350439920906 1.0015738079922027 7
5.05 0.014070984758561203 1.0030776614058667 7
5.0600000000000005 0.013611493653090586 1.0033504969518714 7
5.07 0.012807398934988577 1.003728585044384 7
5.08 0.012614976419205127 1.0027868367170794 7
5.09 0.013504166384734494 1.0024702976766025 7
5.1000000000000005 0.013326180658500983 1.0017258258894506 7
5.11 0.012550797937429643 1.0011279092207805 7
5.12 0.012338819291012692 1.0000063038912845 7
5.13 0.012073293209927434 0.9999041082578853 7
5.14 0.011688942901185929 1.0001962809902685 7
5.15 0.011425560333297346 1.0010042417409337 7
5.16 0.011319457145920383 1.0015239293737117 7
5.17 0.0104483285675536 1.0004792046775064 7
5.18 0.010280664726203944 1.0004169009045984 7
5.19 0.010169707870466635 1.0012952590019457 7
5.2 0.009496640830751354 1.0019277778902689 7
5.21 0.009258385223377817 1.0022190648934493 7
5.22 0.009151661405369103 1.0016980539365732 7
5.23 0.009534513054406522 1.0019039814310173 7
5.24 0.009566155916820343 1.0020503667668392 7
5.25 0.009581738097039966 1.0011758833357274 7
5.26 0.00996235234854459 1.0008170152751577 7
5.2700000000000005 0.009830982171659043 1.0013490783358974 7
5.28 0.009355022582268452 1.0007985535901855 7
5.29 0.0094638948224091 1.0007565875597408 7
5.3 0.009277634649283013 1.000877845848394 7
5.3100000000000005 0.009120234541357651 1.0003896238272438 7
5.32 0.008826937209703543 0.9996666925810573 7
5.33 0.009480345502595395 0.9987896764458742 7
5.34 0.008850383724561546 0.9990017510649283 7
5.3500000000000005 0.008555268101578592 0.9998111512680848 7
5.36 0.007978650036189618 1.0009536485405273 7
5.37 0.007449313377112044 1.0007210911650328 7
5.38 0.007343487168590496 1.000869489952993 7
5.39 0.0074598342270805985 1.0001980988107058 7
5.4 0.007407756144566388 1.001302912945574 7
5.41 0.0069482700152855605 1.0000141324048502 7
5.42 0.006995221896427672 1.0010892815178025 7
5.43 0.006839101649935579 1.0024036161528411 7
5.44 0.006854438062610995 1.0022693322364244 7
5.45 0.006804084245664601 1.0020635237111128 7
5.46 0.006576145095665829 1.003445534694943 7
5.47 0.006389892746382787 1.0047494909406538 7
5.48 0.005945488446264123 1.006035705283722 7
5.49 0.0060189469458266035 1.0048928803393176 7
5.5 0.005273839604391512 1.004845750644136 7
5.51 0.004549256802798263 1.0028892724279543 7
5.5200000000000005 0.004520156781560584 1.0039015303598007 7
5.53 0.004432542758419677 1.0025552453567557 7
5.54 0.004457496347402662 1.0025614619954897 7
5.55 0.005094169420984907 1.001840170606239 7
5.5600000000000005 0.005065501252711924 1.0011815205824193 7
5.57 0.005854223617082151 1.0015955217268522 7
5.58 0.005608333329671355 1.0018764954004533 7
5.59 0.005828931943086425 1.003483659056766 7
5.6000000000000005 0.00612015948826782 1.003499917437741 7
5.61 0.006216996104258478 1.0032735721553092 7
5.62 0.0061497226740910215 1.0048877714521651 7
5.63 0.005881349418743159 1.004271154561849 7
5.64 0.0059855192821214424 1.0041831656774303 7
5.65 0.006377284401316837 1.0045512356608581 7
5.66 0.006143753477054455 1.0052139487216598 7
5.67 0.006075003439401595 1.0050137110783677 7
5.68 0.00572846305249646 1.006036761544085 7
5.69 0.00592374365356678 1.0064004693316586 7
5.7 0.0059987887169159395 1.0065259194948317 7
5.71 0.006198643323135469 1.006552771303144 7
5.72 0.0059172449768425 1.0080001748529273 7
5.73 0.005802126625404304 1.0075383656254204 7
5.74 0.005515935920044903 1.0064318667469914 7
5.75 0.005104596702543623 1.005905935471232 7
5.76 0.005303116752304188 1.0046518632466592 7
5.7700000000000005 0.0045031984325687195 1.0049287729612224 7
5.78 0.004969814165132907 1.0043126476695237 7
5.79 0.0050387849375011645 1.0052371647697544 7
5.8 0.004677459941844186 1.0063619103160533 7
5.8100000000000005 0.0038783465580672295 1.0052358331818803 7
5.82 0.0041051222295882895 1.0050379183969884 7
5.83 0.004234524727206759 1.0053606694368702 7
5.84 0.004475839418483928 1.0039864649160382 7
5.8500000000000005 0.004376824308032258 1.0048509587067134 7
5.86 0.004473473160112354 1.0051676575793838 7
5.87 0.004191727340416899 1.0057589445058368 7
5.88 0.0042404408149789 1.0051399361681714 7
5.89 0.004941939406551445 1.0061485917024273 7
5.9 0.005062901176926913 1.0058531229625027 7
5.91 0.005591274677509357 1.0065497052903838 7
5.92 0.006031546377323677 1.0057593820482593 7
5.93 0.005113011921657606 1.0047074328613699 7
5.94 0.005605151138487804 1.0038894463550552 7
5.95 0.005635752083194118 1.00343573127971 7
5.96 0.005222270950699003 1.0026427888512819 7
5.97 0.005259639584263374 1.0028382808357033 7
5.98 0.005608449673193618 1.0035057720770657 7
5.99 0.006419886782469427 1.0037711927479889 7
6.0 0.006484582176310802 1.0055330291099078 7
6.01 0.0064890901966677215 1.003141465494751 7
6.0200000000000005 0.005808542745703462 1.0034185720038118 7
6.03 0.005260124497197794 1.0044330668936567 7
6.04 0.004981152509601687 1.0057112171248632 7
6.05 0.005166588490575684 1.0063852668130908 7
6.0600000000000005 0.004940170094825781 1.0066691096102491 7
6.07 0.005339674369437366 1.0053669423841218 7
6.08 0.005260584384817424 1.0064725151186902 7
6.09 0.004751384798820755 1.0066846343690372 7
6.1000000000000005 0.004409568506150414 1.006368565726384 7
6.11 0.004324685599370951 1.0065245244925127 7
6.12 0.004326398272313192 1.0079389043249822 7
6.13 0.004331903528726992 1.0073918749281825 7
6.140000000000001 0.0037753627498267293 1.0061094842430198 7
6.15 0.00445674786007408 1.0053781334644751 7
6.16 0.004696788181060125 1.0047331669165926 7
6.17 0.004756662765409696 1.004792419174352 7
6.18 0.0036460830872915547 1.0045050823406547 7
6.19 0.0034606012911736826 1.004588306826984 7
6.2 0.003160577482679387 1.005039702630564 7
6.21 0.0029226366528049322 1.0054265062801213 7
6.22 0.004412812713477023 1.0048584293419538 7
6.23 0.00455319596823853 1.0036567538138097 7
6.24 0.004549957832598542 1.0029949982862685 7
6.25 0.004548863076652424 1.002914306189766 7
6.26 0.00432440918852793 1.005091367391891 7
6.2700000000000005 0.0033921247908600036 1.0053861731692295 7
6.28 0.004011790905709635 1.0060199807621129 7
6.29 0.0042591870439627555 1.0075373703930108 7
6.3 0.0044343238168336975 1.005644357171161 7
6.3100000000000005 0.004102073489038123 1.0052981407630333 7
6.32 0.003955398511774502 1.0058326362469487 7
6.33 0.0040770666948769674 1.0055423537353618 7
6.34 0.004286055260004067 1.0050812703709437 7
6.3500000000000005 0.004752648465881369 1.0053017553308474 7
6.36 0.00455263677088836 1.0058529491133914 7
6.37 0.004132541779759685 1.006468595171923 7
6.38 0.004132460280513348 1.0063908325040487 7
6.390000000000001 0.0037142422966140254 1.0073613024894568 7
6.4 0.0036786631979507864 1.0068051840805174 7
6.41 0.0041361142988303266 1.0087881667354928 7
6.42 0.0039928676965600395 1.0080552772792124 7
6.43 0.004257552379035407 1.0089082625539567 7
6.44 0.004273456737229152 1.008782314344785 7
6.45 0.004622220410678827 1.0094041008887509 7
6.46 0.0038191639169028917 1.0096888530113672 7
6.47 0.004233036898450158 1.0088133558575996 7
6.48 0.003971402043420338 1.0081088156500995 7
6.49 0.0030994742528550057 1.0085376071759273 7
6.5 0.003423506100638653 1.0088655199573107 7
6.51 0.0034633741543359064 1.010514902920572 7
6.5200000000000005 0.00300853049731649 1.0113872988947523 7
6.53 0.0020810457315667396 1.0112268293392497 7
6.54 0.0030336434452610445 1.011988493239804 7
6.55 0.0031938750639763777 1.0106169830578384 7
6.5600000000000005 0.003656535184299539 1.009885882072401 7
6.57 0.0031329990888133968 1.0099603921573894 7
6.58 0.003661231748805156 1.0110657094648279 7
6.59 0.004220187116854777 1.0102340257603404 7
6.6000000000000005 0.0037542017286524036 1.0098497015786052 7
6.61 0.0033645161263647122 1.0122721853617882 7
6.62 0.0035700783703916444 1.0116142011537657 7
6.63 0.004551562654247936 1.0107509789354276 7
6.640000000000001 0.004324892674382898 1.01050957544812 7
6.65 0.004383963907097742 1.0104927420762093 7
6.66 0.004124518758464772 1.0107928725058628 7
6.67 0.004552459212012836 1.0096177408010605 7
6.68 0.004488241102845536 1.0093207650232834 7
6.69 0.0048619286955271885 1.0090672550892403 7
6.7 0.005027188095176027 1.0104692273613314 7
6.71 0.005177680259624299 1.0107767728482038 7
6.72 0.005763351799299836 1.0107885551288804 7
6.73 0.005477329474835667 1.011032868668865 7
6.74 0.005480278874394081 1.0115198448344573 7
6.75 0.005138944719715577 1.0116570476502054 7
6.76 0.004760464320146455 1.010675526422451 7
6.7700000000000005 0.004885151136014469 1.010405760909035 7
6.78 0.004962095660344537 1.009572458549843 7
6.79 0.005765922265439912 1.0085360797508696 7
6.8 0.005137360147730455 1.0090553011013434 7
6.8100000000000005 0.0050938548796094114 1.0093131416587917 7
6.82 0.005433577093498211 1.0105386265592657 7
6.83 0.005552022268408989 1.0096344754062814 7
6.84 0.0050552535973033795 1.0100172255712607 7
6.8500000000000005 0.005466907563782868 1.0099749351352 7
6.86 0.006663144384489099 1.0083175528086599 7
6.87 0.0064092930661259016 1.0077958604917807 7
6.88 0.006007880798089383 1.0077691109162628 7
6.890000000000001 0.0066517727121816065 1.0081949171960651 7
6.9 0.006758157332500964 1.0077216608727828 7
6.91 0.007059923097422794 1.0082198976282652 7
6.92 0.007025431417445871 1.0089080801340469 7
6.93 0.007737434817303426 1.0087569534932577 7
6.94 0.007286526232690306 1.0077500896941667 7
6.95 0.0076560949963546815 1.0082708447026123 7
6.96 0.007371578175942061 1.007637982324122 7
6.97 0.007107343365264606 1.0070258332438 7
6.98 0.007613965395083109 1.0059057855048363 7
6.99 0.006595315831204954 1.0065705893196597 7
7.0 0.005744443773309388 1.006252805838229 7
7.01 0.0057966152433436835 1.0048656480032576 7
7.0200000000000005 0.006553407840441272 1.0035890672356393 7
7.03 0.006444990876127567 1.003358584237709 7
7.04 0.0065687349921722624 1.0037046599213806 7
7.05 0.006314470917519004 1.0036109602739935 7
7.0600000000000005 0.006030488195080157 1.0026422762125167 7
7.07 0.005911168624554483 1.0038180188611983 7
7.08 0.006150759453398688 1.0043805179528993 7
7.09 0.006852163952994696 1.0050602417739085 7
7.1000000000000005 0.0069747505373552905 1.0053683027536142 7
7.11 0.006714285930914093 1.006065716528529 7
7.12 0.006675324153300693 1.0054964863782854 7
7.13 0.006656845056034221 1.0047378110961953 7
7.140000000000001 0.0063590799317295955 1.0060960648932973 7
7.15 0.006790731773679503 1.0054805570807483 7
7.16 0.006409865332104163 1.0047124982028643 7
7.17 0.006227306844620745 1.0056933267974808 7
7.18 0.006436046571235844 1.006121796166 7
7.19 0.005816086158290575 1.0070246926508337 7
7.2 0.005779557429255242 1.0062894221364436 7
7.21 0.00546764979774972 1.007116412325563 7
7.22 0.005953286804404498 1.007516729535932 7
7.23 0.006124856119699829 1.008894044801495 7
7.24 0.00656514486518375 1.0095635533676768 7
7.25 0.0062428104448187215 1.0095327747529281 7
7.26 0.005495006872578909 1.0085160220367302 7
7.2700000000000005 0.005329410844276711 1.0077164280220574 7
7.28 0.004469589367800911 1.006758382044532 7
7.29 0.004004189798280341 1.0079898649770425 7
7.3 0.003353351939424247 1.006699366207868 7
7.3100000000000005 0.003212520092441831 1.0054108493356575 7
7.32 0.003029360558956707 1.0040279342327376 7
7.33 0.003335692481471643 1.0026489042517261 7
7.34 0.004412809736582371 1.0020349222406568 7
7.3500000000000005 0.0043304436362829445 1.0034371650224911 7
7.36 0.004091211545598117 1.00252217942504 7
7.37 0.004361444995644048 1.0027575932380934 7
7.38 0.0040636793970203295 1.003906368503226 7
7.390000000000001 0.004316373703483547 1.002250305330356 7
7.4 0.003804966633273827 1.0016010338767547 7
7.41 0.003872655240365351 1.0020802144541723 7
7.42 0.0037777192528468083 1.0024467092187053 7
7.43 0.002936965104937595 1.0019508640028885 7
7.44 0.0025915629134628192 1.0016217104523697 7
7.45 0.0016220690583326036 1.0018491652658117 7
7.46 0.0019501295315020525 0.9997798576883218 7
7.47 0.002093907018885262 0.9982261070951858 7
7.48 0.0026234587246297646 0.9988087035230601 7
7.49 0.0021982141012082614 1.0003561550655462 7
7.5 0.001434424386876301 1.0007905203120158 7
7.51 0.0016331731127564154 1.0008521810902005 7
7.5200000000000005 0.001489543520010355 0.9998133856546515 7
7.53 0.0015478169589173136 0.9991388404091305 7
7.54 0.0017776507267985991 1.0000764098298136 7
7.55 0.0012720968492707103 0.9998982003897999 7
7.5600000000000005 0.0009695111984993376 1.000115918530752 7
7.57 0.0016268112054184723 1.0008039478258755 7
7.58 0.0015935281126222077 1.0012541839466702 7
7.59 0.00045041812734685226 1.0014756059274275 7
7.6000000000000005 0.00038134745797192864 1.0020482667593535 7
7.61 0.0005498746498561212 1.0027154608148385 7
7.62 0.0006783888950717314 1.00364440489072 7
7.63 0.0005236270347997698 1.0032385215982287 7
7.640000000000001 0.0002106337054883659 1.0042215335305393 7
7.65 -0.00021094822682187002 1.0048443248114922 7
7.66 -0.0008749829040794153 1.0048493777184526 7
7.67 -0.0012815692422344057 1.0045375567403345 7
7.68 -0.0014672444042214037 1.004792317411597 7
7.69 -0.0010414454878718302 1.0052472241395913 7
7.7 -0.0011670860417243541 1.0039792745952012 7
7.71 -0.0016906386646021283 1.0046739290890783 7
7.72 -0.0011489160181388514 1.003471075813378 7
7.73 -0.0006939607939795954 1.0046838539619785 7
7.74 -7.140188458603518e-06 1.0044207515116033 7
7.75 -0.0003152702351249134 1.003429373844672 7
7.76 -0.0007929665966070239 1.0026889121708635 7
7.7700000000000005 -0.0007352694020591691 1.0013149918869568 7
7.78 -0.0007222997421886203 1.0025029689914078 7
7.79 -0.0004137568679177024 1.0040929964238798 7
7.8 -0.0006636106144680229 1.0047361437990805 7
7.8100000000000005 -0.00037426211342086205 1.0047644083391016 7
7.82 -0.00036333153430316697 1.0048400689694557 7
7.83 -5.200264058825127e-05 1.0046337401088157 7
7.84 -0.0006509721004586728 1.0062977209595885 7
7.8500000000000005 -0.000770376055945228 1.0067516144023891 7
7.86 -0.0008876000363685502 1.0061701158501082 7
7.87 -0.0013080084074170882 1.005632086458579 7
7.88 -0.0010213162084229802 1.0064503741208306 7
7.890000000000001 -0.00031661457728855767 1.0051112997562524 7
7.9 0.0005424742735912416 1.0062233306288353 7
7.91 0.00021627919535675702 1.0078723050436114 7
7.92 -0.0001367662398444743 1.0069137885636454 7
7.930000000000001 -0.0002519793533017983 1.0076700966841556 7
7.94 -0.0007555115714918239 1.0065565662714089 7
7.95 -0.0009973288583124248 1.0054299386000332 7
7.96 -0.0018873820224099677 1.0063324580749349 7
7.97 -0.0024323061347737538 1.0071094789180124 7
7.98 -0.002559278121372329 1.0087369433554996 7
7.99 -0.0023115023466277174 1.0080532423292814 7
8.0 -0.002360626135457957 1.0079691935740833 7
8.01 -0.0020762606794320097 1.0073227225880432 7
8.02 -0.0018083828223493035 1.0070873315907873 7
8.03 -0.0021846171028075136 1.0072487353774622 7
8.040000000000001 -0.0017510507716411677 1.0069164510369217 7
8.05 -0.00197950679965726 1.0072568989973776 7
8.06 -0.001953737999943555 1.0074422819016928 7
8.07 -0.001605477696163889 1.0076394231725927 7
8.08 -0.0007137228027393173 1.0082763891123445 7
8.09 -0.0003345727501580848 1.0073729467367567 7
8.1 -0.00027671577399955105 1.0082421979653629 7
8.11 -0.00012515882388822256 1.0080290055442418 7
8.120000000000001 5.565265355493423e-05 1.0073121396184788 7
8.13 -0.0007107907210434562 1.0062699174395886 7
8.14 -0.0008813609481315986 1.0057447186949198 7
8.15 -0.001628287931536106 1.0064461736715988 7
8.16 -0.0004947718040175351 1.0063422120033234 7
8.17 -0.00018107673777168585 1.0052895072602515 7
8.18 9.796521303211322e-05 1.004517057968218 7
8.19 0.00024800173427401775 1.004763258545051 7
8.2 0.0006717902838225254 1.0040531266870054 7
8.21 0.00038659637878818215 1.0046752781038604 7
8.22 -0.00031886816548843 1.0040724082084707 7
8.23 -0.0005019535464317903 1.0049744428966838 7
8.24 -0.0007504185776141538 1.0052662489011943 7
8.25 -0.0010596358568359633 1.004957458764015 7
8.26 -0.0001204176497348736 1.0048017244467553 7
8.27 -0.0006490840182638598 1.004618695244053 7
8.28 -0.0006127856956057232 1.0066228072415295 7
8.290000000000001 -0.0003192709859713581 1.0047668315088822 7
8.3 -0.0007832153222731243 1.004824446458083 7
8.31 -0.000823616492282174 1.0062016761029153 7
8.32 -0.0005393571242320839 1.0065036988787344 7
8.33 -0.0007032012534121554 1.007310815355168 7
8.34 -0.0007834699484723733 1.007113267435102 7
8.35 -0.0007584855016702008 1.0067369604689798 7
8.36 -0.001001524753469528 1.0057488556029452 7
8.370000000000001 -0.0009457257176704966 1.0077052349910538 7
8.38 -0.000399805398533221 1.0072739877503833 7
8.39 -0.0003896821663941872 1.0077182396023872 7
8.4 -0.00013137437885880104 1.0067495696129443 7
8.41 0.0001919950948053637 1.0091079441339061 7
8.42 7.658044750607395e-05 1.009825891333597 7
8.43 0.0006572261768358387 1.0096857842102174 7
8.44 0.0004403794011633189 1.0086359902075115 7
8.45 -0.0004775141653059225 1.0072467831381973 7
8.46 -0.0004376870967177308 1.0068775450317096 7
8.47 -0.0003664134314113342 1.0076703111822327 7
8.48 0.0003337799334736507 1.0066098737867646 7
8.49 -0.00047029510262719724 1.006970308002437 7
8.5 -0.0005197515103046596 1.0051251452593397 7
8.51 -0.0005373866244351877 1.0040888136350117 7
8.52 1.0301901635368794e-05 1.0039727131448237 7
8.53 -0.0002190553481469145 1.0048963295264477 7
8.540000000000001 -0.00023414735851887714 1.0051596822528532 7
8.55 -0.00041357087753263725 1.0070937498100527 7
8.56 -0.0005111748032212284 1.0090413860725518 7
8.57 -0.0003177485932513026 1.0093995959810549 7
8.58 -0.0005550212579615504 1.009466497563511 7
8.59 0.0005995919299832279 1.009998040618874 7
8.6 0.000573642794915961 1.0087911786887758 7
8.61 0.0002666112432868656 1.0100754198251616 7
8.620000000000001 -0.00048173465277649485 1.010195160573798 7
8.63 -0.00044177224819047457 1.0096624979094362 7
8.64 -0.0010783962141926347 1.0107654307075224 7
8.65 -0.0009062165712748504 1.009639644247276 7
8.66 -0.00047536065120801706 1.0102160929147077 7
8.67 -0.0007606223284783153 1.0103283929585791 7
8.68 -0.0010380759831730266 1.0099738498048423 7
8.69 -0.0010290540696634442 1.0103077936211804 7
8.700000000000001 -0.0014676684546206715 1.0097909959235543 7
8.71 -0.001283809155232309 1.009329162659992 7
8.72 -0.0018853995725084632 1.009589815000964 7
8.73 -0.0019078023605307692 1.009367531738557 7
8.74 -0.0013267719990539026 1.0089438209186299 7
8.75 -0.0005852294299399689 1.0098168556578275 7
8.76 -0.0003021855091962895 1.0092657304666688 7
8.77 -0.00030873108308388214 1.0083554620351154 7
8.78 0.00017095502492598335 1.0070329487382976 7
8.790000000000001 0.0002875286240748251 1.0071799745675694 7
8.8 0.0002817009972293551 1.0076292682944892 7
8.81 0.001114444177603017 1.0064607666978675 7
8.82 0.00041512860238732835 1.0060535276585345 7
8.83 0.0006161970681578853 1.0055883472215448 7
8.84 -0.00017090672548702467 1.0054411627793536 7
8.85 -0.00016002580373327156 1.0051874384825608 7
8.86 0.000876058137056986 1.0055731632912144 7
8.870000000000001 0.0009463835440033083 1.0063680873014986 7
8.88 0.0010314021473436525 1.0064630453862613 7
8.89 -0.0005821231735547214 1.0066860008882716 7
8.9 0.00015536561722170653 1.007228866046957 7
8.91 0.0002002573365126136 1.0070726192419708 7
8.92 -0.00022446673822719632 1.0069460515756226 7
8.93 -0.0005336121145190033 1.0071408583251327 7
8.94 -0.0005997808486201562 1.007861085204589 7
8.950000000000001 -0.0004242343433715257 1.0067237861759137 7
8.96 -0.00048376984004763686 1.0070211053997264 7
8.97 -0.00018907823160008985 1.0057833724371803 7
8.98 -0.0001695758608314361 1.006488818741176 7
8.99 -0.00039041911688124896 1.0057550830477033 7
9.0 6.824479969122948e-06 1.0060972605204963 7
9.01 -0.0007939525901005739 1.0053469843965213 7
9.02 -0.0005887989256390249 1.00632697517283 7
9.03 -0.00012622026580608856 1.0069609040186882 7
9.040000000000001 -0.0001821333471217941 1.005434146122755 7
9.05 -0.00042824808950769666 1.0047497212820184 7
9.06 -0.0006180908910930158 1.0042231592653912 7
9.07 4.9269742900441034e-06 1.0052322847970638 7
9.08 -0.0003611304490676964 1.0032125482562937 7
9.09 -0.0006186330526616476 1.0042770296911578 7
9.1 -0.0006694847235107328 1.0038720764512905 7
9.11 -0.0008143870942901809 1.0023734191450377 7
9.120000000000001 0.0004208229669100173 1.0025173471649218 7
9.13 0.001124233977691164 1.0012200557734579 7
9.14 0.0007519743023039553 1.0001137162357467 7
9.15 0.00039448209503061763 1.0002559959447963 7
9.16 0.0016207293463864696 1.0017978755149504 7
9.17 0.0010672583908936351 1.003019381905781 7
9.18 0.0010558012756842698 1.0036118721182266 7
9.19 0.0011130252031376444 1.0035139114960299 7
9.200000000000001 0.001008959936325214 1.0023685547404817 7
9.21 0.0008339342964075202 1.00274773517031 7
9.22 0.000668047224277194 1.002185057252747 7
9.23 0.000500110828066838 1.0025757124165409 7
9.24 0.00014784132418473863 1.0024356712651952 7
9.25 0.00042273273040027427 1.0010066805284303 7
9.26 0.0011255115568206044 1.0011101251442496 7
9.27 0.0011340777673218756 1.0020977396596709 7
9.28 0.0010587168541066787 1.0026117099601586 7
9.290000000000001 0.001350843889837966 1.0023180546544614 7
9.3 0.0016869843363533801 1.0006973207721437 7
9.31 0.0021233573634830867 1.0014631483736764 7
9.32 0.002495517313456807 1.002205319635751 7
9.33 0.0026641802986755634 1.0025378462085124 7
9.34 0.0021561211449285674 1.0025360124788092 7
9.35 0.0025618625933598606 1.0032411035429758 7
9.36 0.002494414598703109 1.0043283981851086 7
9.370000000000001 0.002993001854576126 1.0057112695238197 7
9.38 0.00296376755464848 1.006239870738795 7
9.39 0.0028005585955984623 1.005646496257516 7
9.4 0.0038171653375570383 1.0059920764901218 7
9.41 0.003434945608778472 1.0050374714291692 7
9.42 0.0043301471327202605 1.0037837521225366 7
9.43 0.004254442030457254 1.0039188997497912 7
9.44 0.0044307124433896556 1.0044820842892537 7
9.450000000000001 0.004408296389520905 1.0050288795841384 7
9.46 0.004298054883151242 1.0057693768554539 7
9.47 0.004231807710274886 1.0059358610154119 7
9.48 0.004212714387329094 1.005846056453449 7
9.49 0.003997001005756938 1.0057567552559283 7
9.5 0.004069179154762279 1.0033638573340793 7
9.51 0.00421734700282239 1.0030646340982947 7
9.52 0.0036862355612526845 1.001298285400332 7
9.53 0.0032523431285518363 1.002047207504148 7
9.540000000000001 0.0029830271236176258 1.0024116990210443 7
9.55 0.002829204024481121 1.0029012127294155 7
9.56 0.0020992420838544883 1.004185049778799 7
9.57 0.0021169826597752465 1.0043846243329178 7
9.58 0.002564812834947095 1.0034164647658737 7
9.59 0.002966643114647429 1.0044581826834669 7
9.6 0.003007104417934832 1.0029627967802295 7
9.61 0.0034604281658471812 1.0028252997137446 7
9.620000000000001 0.0032121384154682035 1.002997566554197 7
9.63 0.003860412685905501 1.0023725280162339 7
9.64 0.004738402605072943 1.0005908192990784 7
9.65 0.0050929327730497576 1.000546568648723 7
9.66 0.004918315967359909 1.0008104504558224 7
9.67 0.005353657224449881 1.0009706398411395 7
9.68 0.005370109408736096 1.0005410382343873 7
9.69 0.005267636938674032 0.9996848219666025 7
9.700000000000001 0.004600142600966971 0.9999165284714091 7
9.71 0.004760004702650045 0.9999523794289805 7
9.72 0.005172842266382048 1.0017431529610452 7
9.73 0.004892929327447566 1.0017538422173944 7
9.74 0.0043564186845170124 1.0016810895952122 7
9.75 0.004682352022244111 1.0003687422360146 7
9.76 0.004060029897629227 1.0002568894748465 7
9.77 0.00410545407717537 1.0013214324396498 7
9.78 0.004089763861229215 1.001813184835801 7
9.790000000000001 0.0039013557802158438 1.0018789703715796 7
9.8 0.0036491411416708737 1.002380230235682 7
9.81 0.0032680360241011818 1.002216797399074 7
9.82 0.003856310516559597 1.0024054165444392 7
9.83 0.004182319136641324 1.0014854212713076 7
9.84 0.004015570136239792 1.0018206965226544 7
9.85 0.003963400653563106 1.0016512470183097 7
9.86 0.003287245831776073 1.00109637014038 7
9.870000000000001 0.003042016888804372 1.0017227489798406 7
9.88 0.0029244751324617444 1.0039970746580413 7
9.89 0.003213231555821577 1.0035362962763654 7
9.9 0.0025654321502487083 1.0034312604666704 7
9.91 0.0031991581470484608 1.0027680431356738 7
9.92 0.002781336114120043 1.002943892272916 7
9.93 0.00231073648936281 1.004978848816298 7
9.94 0.002264515666989521 1.0058963844437803 7
9.950000000000001 0.002417570686413189 1.005805239048452 7
9.96 0.002158161511452893 1.007229038154522 7
9.97 0.0022449158828717116 1.006648176798224 7
9.98 0.002470860549009966 1.0066343567205704 7
9.99 0.002142787957544514 1.0076155449009037 7
