0.0 2.0 0.0
0.005 1.9722680654753553 0.009809591562651212
0.01 1.9658299619585342 0.019748514241910226
0.015 1.950233910467758 0.03022096408731641
0.02 1.9289669071591826 0.03994446787377654
0.025 1.9191067838817082 0.04963736843961319
0.03 1.9193424636854062 0.05907420686562614
0.035 1.9174056644416086 0.06907140479482475
0.04 1.9081664754340588 0.07784614728286189
0.045 1.8805071915510616 0.08676938488406176
0.05 1.8713843602343019 0.09636688037842724
0.055 1.8581586667563263 0.10521318122127168
0.06 1.8547531357249951 0.1145458518461901
0.065 1.839731074975242 0.1236085447915145
0.07 1.8524097336193492 0.131666853897967
0.075 1.8629860657155402 0.14128681478128155
0.08 1.8609597463579695 0.15069625018802554
0.085 1.8416030364079554 0.15844849567275715
0.09 1.8411061426335313 0.16747106210777724
0.095 1.8100894574812698 0.1750637109035473
0.1 1.8118272131447055 0.18284066231364976
0.105 1.7959079772976658 0.19283784991763442
0.11 1.782132969498706 0.20150825314224033
0.115 1.7810462814854506 0.20975866293366444
0.12 1.7651140456370649 0.2169587338468058
0.125 1.7469586690138215 0.22555148568942
0.13 1.736594491451667 0.23503103444159798
0.135 1.7394729153667776 0.24141533711246688
0.14 1.734974860906714 0.24882240941750552
0.145 1.7428186701346844 0.25599405387594454
0.15 1.743641810347651 0.2647044450965972
0.155 1.7332151116572174 0.2715889458647614
0.16 1.7402337631133888 0.2778154140317057
0.165 1.7348173512889318 0.2848825026181587
0.17 1.7199772594821394 0.29212154642747135
0.17500000000000002 1.728164347225873 0.2995379589956753
0.18 1.7130387122221675 0.30705159625104644
0.185 1.698614778231086 0.3137719344364014
0.19 1.6887868578595127 0.32250830686835225
0.195 1.6962108231965762 0.33016785952327277
0.2 1.6891999078791091 0.3369998237450787
0.20500000000000002 1.6972876312401284 0.3443883431854083
0.21 1.6775406339605383 0.35064240846411054
0.215 1.6713091135140619 0.3545565543022384
0.22 1.6603277906848424 0.36081180173033617
0.225 1.6525565220351002 0.3652823345100202
0.23 1.6394169124292335 0.3710788524004963
0.23500000000000001 1.6267144940002678 0.3773118806740619
0.24 1.6263664012166947 0.38369146919216546
0.245 1.628401874128464 0.38837957565142606
0.25 1.6024998903073493 0.39526310081210286
0.255 1.5987663641239735 0.4014786760742944
0.26 1.5771805499260296 0.40843759891096226
0.265 1.5666845190814553 0.4132309467484793
0.27 1.5555892201860864 0.4184009480636249
0.275 1.5546243585638018 0.4214609953840909
0.28 1.5482624274726087 0.42669784571057134
0.28500000000000003 1.5442295623219429 0.4310033200232787
0.29 1.5456163518072206 0.43659655308958556
0.295 1.540237283588273 0.4430570482801547
0.3 1.519352561868797 0.44591374827970615
0.305 1.5063729401103896 0.4521993083474843
0.31 1.4986336011710495 0.4564734749711697
0.315 1.4829344999077148 0.4602864757993948
0.32 1.475188323587568 0.4639201560176468
0.325 1.457977836850843 0.4688335224826354
0.33 1.4543475395968457 0.4763058994672013
0.335 1.4448818797171312 0.4806362046700811
0.34 1.4473437957109576 0.4868167338134998
0.34500000000000003 1.4337865865689334 0.4915798129150805
0.35000000000000003 1.4365045483292036 0.4972683175208328
0.355 1.424656732758967 0.4996319603423192
0.36 1.4059411073832013 0.5031374730198739
0.365 1.403030742207705 0.5112055108305255
0.37 1.3912064022790656 0.5167538340657031
0.375 1.3818925314510049 0.5229704058221537
0.38 1.373266277206972 0.5262067436512333
0.385 1.3786823169078102 0.5281242471447296
0.39 1.352033491391773 0.5322477316421144
0.395 1.3498323962900634 0.5389083009012071
0.4 1.3481185591641083 0.5426596906423307
0.405 1.3374224736568778 0.5446045968434602
0.41000000000000003 1.3303009737971285 0.5471901369177583
0.41500000000000004 1.3097237158991453 0.5478130095462332
0.42 1.2928258923859688 0.5512681564818673
0.425 1.2952150514923388 0.5581667679531668
0.43 1.2964669907588284 0.5610937560936414
0.435 1.2855940522207547 0.5643647532076518
0.44 1.2923001778158885 0.5685693280185665
0.445 1.2867208003500124 0.5711348254930567
0.45 1.282973064228629 0.5769915264092293
0.455 1.280691707439437 0.5770850429491317
0.46 1.2660172525050273 0.5822394826988402
0.465 1.262927019166264 0.5859290444017411
0.47000000000000003 1.2581509797638755 0.5905356271777984
0.47500000000000003 1.2555887277805247 0.5931395242448436
0.48 1.2650532700601054 0.5972492092423354
0.485 1.2540574742407404 0.60184656287764
0.49 1.2386489188828207 0.6057844156542005
0.495 1.2416315959117146 0.6097436338678265
0.5 1.218610318767407 0.6124238121146526
0.505 1.2198835684029026 0.613674617406916
0.51 1.2136209104361264 0.6182372367965514
0.515 1.2191609002757564 0.6230582083291066
0.52 1.2048692750604726 0.6283217111197953
0.525 1.2022753844118115 0.6306821971734
0.53 1.1748393293994266 0.633818703968238
0.535 1.1510688529867472 0.6406275725163331
0.54 1.1303674368959005 0.6442331827045606
0.545 1.1254689949611185 0.6468080059258411
0.55 1.1099952986491666 0.64827095227395
0.555 1.0863489402787139 0.6523685824073472
0.56 1.0883347891164552 0.6572148188978385
0.5650000000000001 1.0863066284262057 0.6602222346599023
0.5700000000000001 1.080324849757735 0.6627935059805729
0.5750000000000001 1.071374438516807 0.6644006086608741
0.58 1.088477775910139 0.6697650637468704
0.585 1.0849470670527184 0.6709523973502832
0.59 1.1003014545181327 0.6756562942483856
0.595 1.0710044810003654 0.6782336034315158
0.6 1.0777175057888468 0.683533425226013
0.605 1.0963248272602895 0.687152243285152
0.61 1.0798366546992875 0.6909951468082477
0.615 1.0801009217364266 0.692257830347448
0.62 1.0837205413352253 0.6957067836690458
0.625 1.0799668027013136 0.6974507347723851
0.63 1.0769612210829447 0.7013995017733694
0.635 1.0604491799270033 0.7025527720584138
0.64 1.044263130240523 0.7065744364332562
0.645 1.023802673684377 0.7090123101506269
0.65 1.0160806863614187 0.7110842203108375
0.655 0.9948050686847425 0.7136388952212139
0.66 0.9923949167167482 0.7170605767015601
0.665 1.0029916987280365 0.71626729174925
0.67 1.0029962514146273 0.7206419238351309
0.675 1.004815181714157 0.7238705386075887
0.68 1.0096589954428383 0.7250702224923706
0.685 1.0279672475204564 0.7259020909678285
0.6900000000000001 1.0265349203390828 0.7314131116961445
0.6950000000000001 1.0094889351697254 0.7342590766852874
0.7000000000000001 0.9998500311862341 0.7363657021722967
0.705 0.9912555235007968 0.7382786471682014
0.71 1.002364322397935 0.7403348917452222
0.715 1.0082462643477665 0.7411780351888643
0.72 1.016568936299769 0.7450348769246997
0.725 1.0152599973818492 0.7480893342699912
0.73 1.0119996198659083 0.7532657970609532
0.735 1.0335466732892498 0.7539840808929668
0.74 1.0233316787759776 0.7557352726100262
0.745 1.011684506997062 0.7568328002850899
0.75 0.9871012640277056 0.7587997806359319
0.755 0.9753518978042411 0.7626224512727158
0.76 0.962254028472054 0.7632597529129669
0.765 0.9515808484810947 0.7637029336577903
0.77 0.9465938636860491 0.7636114500037742
0.775 0.9415684199345108 0.7669762332212218
0.78 0.947115715844888 0.7724274937546265
0.785 0.940321691800565 0.7763759894816213
0.79 0.9470012647983324 0.7806066283393689
0.795 0.9300691332275497 0.7842727031318777
0.8 0.928421799024578 0.7862869532325947
0.805 0.9263359837520828 0.7904286068572322
0.81 0.9257199467990445 0.7927304341060897
0.8150000000000001 0.9154186715471401 0.791544718980085
0.8200000000000001 0.9038719111793302 0.7927352057291547
0.8250000000000001 0.8874705982115588 0.7948822100691321
0.8300000000000001 0.898640125751 0.7977642261395209
0.835 0.891199349648008 0.7997565668892362
0.84 0.9011060553375606 0.8031334596231383
0.845 0.9098194274411603 0.8016811817582923
0.85 0.8916197970417852 0.8034375085225258
0.855 0.8884582181922438 0.805564286230215
0.86 0.8745625592362986 0.805170760332184
0.865 0.8756883719661559 0.8053857654171627
0.87 0.8757248898052516 0.8062387261104627
0.875 0.8622767437730018 0.8121198852560224
0.88 0.866888825722299 0.8131006872556946
0.885 0.8601328207017234 0.8135162495281982
0.89 0.8613303509174872 0.8164825961898787
0.895 0.8658262845291071 0.8167639576894579
0.9 0.8609698774858789 0.8191160661115069
0.905 0.8727192105560653 0.8204913875515373
0.91 0.8654852039708255 0.8220419835907015
0.915 0.8510795186681248 0.829431235084127
0.92 0.845000479322396 0.8364324153895042
0.925 0.8288575689570901 0.8397032700678777
0.93 0.8085142591262309 0.8438201571771804
0.935 0.7848264900687566 0.8453468651261002
0.9400000000000001 0.7856139877436685 0.8460308218189945
0.9450000000000001 0.7716812884970264 0.8466507911090766
0.9500000000000001 0.7820953137565817 0.8486047806523478
0.9550000000000001 0.7700233737039295 0.8522280276506077
0.96 0.7602384734734712 0.8524036534658137
0.965 0.7594894168996915 0.8519738595666048
0.97 0.7674155053817262 0.8545917189388469
0.975 0.7606197738099112 0.8571475754782901
0.98 0.7467646161886792 0.8582033801720427
0.985 0.7395447437682925 0.8638659879204404
0.99 0.7334000891275576 0.8632524706278099
0.995 0.7359583758352121 0.8631923361168767
1.0 0.7240956622158993 0.8624456002917698
1.0050000000000001 0.7226618604635106 0.8639674834602998
1.01 0.7119837644575859 0.8672949406446115
1.0150000000000001 0.7205921847979304 0.8659725193884716
1.02 0.7088422919395971 0.8679196182328931
1.025 0.7176902335876372 0.8730904063197424
1.03 0.7153532288383082 0.8762435126117036
1.035 0.7172874102339479 0.8782689520730353
1.04 0.7154228402806148 0.8812826762046331
1.045 0.7006918970733786 0.883954800417817
1.05 0.6982349879550327 0.8804936461725927
1.055 0.6960737281106176 0.8802056020371131
1.06 0.6859176495920584 0.8796307764234745
1.065 0.68955016567386 0.8798102079091561
1.07 0.6989936162426664 0.8809674595187431
1.075 0.7035711792102461 0.8801145299791547
1.08 0.7049360717450657 0.8809807672727106
1.085 0.7000741078202075 0.8818928605879522
1.09 0.6977012473041029 0.8824010780281504
1.095 0.6849229515199435 0.8865233212164007
1.1 0.6757475614956735 0.8881094333746916
1.105 0.6791500304709298 0.8898656826246277
1.11 0.6639712097997745 0.8928961212340797
1.115 0.6734202075149301 0.8923220728844091
1.12 0.6580054351790318 0.8938882830620921
1.125 0.6375515794325937 0.8919975084249391
1.1300000000000001 0.6313654097857289 0.8910976298317178
1.135 0.6222787650611035 0.8908065740293208
1.1400000000000001 0.6259651997460944 0.8914449832063858
1.145 0.6174374289021166 0.8930067974937985
1.1500000000000001 0.6223410934631227 0.8920619887109257
1.155 0.6140633440168598 0.8941650385376555
1.16 0.6072507034547197 0.895963493989933
1.165 0.6076413004030697 0.8984774365600028
1.17 0.5988428890588661 0.8984326433610355
1.175 0.5932362971189341 0.9010185596169978
1.18 0.5919682776180961 0.9023180878741583
1.185 0.6038669174823231 0.9037725589731465
1.19 0.5872520822130273 0.9055780009400092
1.195 0.5812629539522347 0.9050712161642085
1.2 0.5895129452646394 0.9035003077897048
1.205 0.6003328757806597 0.9057846122354869
1.21 0.6030906009134703 0.9067744119599506
1.215 0.6156938568632299 0.9131909201848217
1.22 0.6125395717863973 0.9147118098290663
1.225 0.6154851599402426 0.9146240053914609
1.23 0.6203053524686665 0.9170055023791157
1.235 0.6212506020742138 0.9148285944064348
1.24 0.6071587290134155 0.9183954630421937
1.245 0.5987478452671684 0.9223115107436574
1.25 0.5660406393320543 0.9246439765862393
1.2550000000000001 0.5473851375050337 0.9263068707736586
1.26 0.5461952410578754 0.9284827362337105
1.2650000000000001 0.5644777250250996 0.9329885949235459
1.27 0.5946518666547909 0.9329644517290598
1.2750000000000001 0.5850882511371533 0.9341546147121442
1.28 0.5961915274013495 0.9356416932078726
1.285 0.6001476345023569 0.9343438190305041
1.29 0.6058632152735445 0.9324678231457201
1.295 0.6118183105322097 0.9366267617737989
1.3 0.6215393551602971 0.9376418196826347
1.305 0.6170652852772658 0.9362244598493616
1.31 0.6158758139481378 0.9381993695949492
1.315 0.6046459187147853 0.9387093760577035
1.32 0.5955560487857451 0.9391291926553206
1.325 0.5777394361986331 0.9392873164444493
1.33 0.568413480829829 0.9413115480416211
1.335 0.5698837398674184 0.940655001572586
1.34 0.5638450346593974 0.9426567373875696
1.345 0.5339869015649641 0.9421875141265882
1.35 0.5361553592005408 0.9444042751799098
1.355 0.5296548298572863 0.9453325032695368
1.36 0.5296785471528132 0.9475332141231911
1.365 0.5366248855608693 0.9489953868214434
1.37 0.5425488627462043 0.9509219602622822
1.375 0.535742243531852 0.9503764406547472
1.3800000000000001 0.5343081082152821 0.9497796596976855
1.385 0.5247834546728768 0.9522134794554636
1.3900000000000001 0.5191955566284406 0.9526014762501681
1.395 0.5333648576751897 0.9562054119267613
1.4000000000000001 0.5290419625189127 0.9559651714412154
1.405 0.5170548166248452 0.9543774690044069
1.41 0.5141870261344622 0.9555623944972702
1.415 0.5224114568634177 0.9531655893767566
1.42 0.5265257960006178 0.9553891403777623
1.425 0.5079983137429442 0.956545736438741
1.43 0.5118087871654133 0.9606123173726906
1.435 0.48979137398072736 0.9578076420081221
1.44 0.48572398742420403 0.955425017091713
1.445 0.48750297222837446 0.9537120706562219
1.45 0.48221297854152284 0.9549347534660894
1.455 0.4845554320178261 0.9567198028789661
1.46 0.47867035360576893 0.9585656102179275
1.465 0.4681261518233118 0.961929983385438
1.47 0.4770926409156699 0.9631069538798549
1.475 0.4828683441396467 0.9656758382276943
1.48 0.4817425218444689 0.9662114780330247
1.485 0.4783518907134894 0.962228968561739
1.49 0.4825280616688063 0.96372958951703
1.495 0.47795095874385446 0.9668949255623617
1.5 0.475367767837374 0.964830852027926
1.5050000000000001 0.483039389284479 0.9652064122038759
1.51 0.4758950090096533 0.9669276070231372
1.5150000000000001 0.4681851444882843 0.9669977284902579
1.52 0.4736395350739361 0.9690263849385272
1.5250000000000001 0.4778832512182316 0.9626739188879825
1.53 0.4877687460530355 0.9599635273205073
1.5350000000000001 0.4784117655502079 0.9581862156651454
1.54 0.4818076707431853 0.9597515852838029
1.545 0.48337731342471746 0.9635787398395168
1.55 0.4810459027384058 0.9621715115735158
1.555 0.4804837415620252 0.962549410033596
1.56 0.4752219374294947 0.9658996268328598
1.565 0.48565269775126213 0.9684707498531534
1.57 0.4768369633297674 0.9683719194824151
1.575 0.48415574559907326 0.968867026658473
1.58 0.4797473303057 0.9687560161346215
1.585 0.47089123836257535 0.9708323059517967
1.59 0.462813488683141 0.9708210797509593
1.595 0.4641257331323964 0.9706149439514916
1.6 0.4420496034072663 0.9706750110895619
1.605 0.4443047553702138 0.9732340148458949
1.61 0.45031792135250087 0.9764428861844099
1.615 0.4250331396363882 0.9793982425216651
1.62 0.41046282242535825 0.980409630171306
1.625 0.418846146162921 0.9817344130527219
1.6300000000000001 0.42663247778095204 0.9811090053990623
1.635 0.43449402124905306 0.9830866340768937
1.6400000000000001 0.4229451282733487 0.9854994994995062
1.645 0.4103076031712585 0.9863853156758174
1.6500000000000001 0.4019956340014317 0.9861755060397392
1.655 0.41730929752579193 0.9882028569570653
1.6600000000000001 0.42222285677177424 0.9837244681883803
1.665 0.4269649656071891 0.9836885221989426
1.67 0.42040434866663345 0.9833988935520829
1.675 0.3963902589550933 0.9844154510548732
1.68 0.3998122570854442 0.9823883745275438
1.685 0.3887521608465852 0.982179246360061
1.69 0.3743429731341613 0.9824761063007299
1.695 0.3738089275100293 0.9861765009841569
1.7 0.37289023762653595 0.9841227453678386
1.705 0.36003156601158925 0.9828526334998838
1.71 0.36842114614539073 0.9840695709300841
1.715 0.3708018935268186 0.9881720305796414
1.72 0.3712632380706273 0.9885237624564306
1.725 0.3434160052121995 0.9886945833884206
1.73 0.3553231682892419 0.986477065698675
1.735 0.3533669425210581 0.9889065424986658
1.74 0.34169045947570653 0.9873279965286714
1.745 0.33074551686741893 0.9875382488418951
1.75 0.33416937498635013 0.9859794630297356
1.7550000000000001 0.31321283455292565 0.9827582510999299
1.76 0.3021382233065259 0.9836125279876922
1.7650000000000001 0.30527951489474897 0.9850324992364181
1.77 0.3089961103627585 0.9883625742739593
1.7750000000000001 0.30840645296071734 0.9894813418599766
1.78 0.31728428852808416 0.9912757049419193
1.7850000000000001 0.3207020181779716 0.9902367244968983
1.79 0.3176524434464875 0.9889619169166621
1.795 0.3211742637040215 0.9901025002346252
1.8 0.3244349307603443 0.9863146749801219
1.805 0.32249773435877205 0.9867337782613409
1.81 0.3172261353663378 0.9895215297379027
1.815 0.3203386547130339 0.985537341679869
1.82 0.31589296605699735 0.9862517911669972
1.825 0.32644042517137634 0.9863985630188711
1.83 0.31785805569077935 0.9868849589918406
1.835 0.3159120801083211 0.983402652009494
1.84 0.31452746385364805 0.9855745566365233
1.845 0.30415038613193374 0.9833222277145
1.85 0.28733047900274833 0.9816637966007704
1.855 0.2950667758086098 0.9823150892345435
1.86 0.2925826690976475 0.9837086664933838
1.865 0.29169023523210624 0.9869428849462647
1.87 0.2873530859250453 0.985371895127489
1.875 0.2845446060012386 0.991552101725413
1.8800000000000001 0.301339837725051 0.9926696787121988
1.885 0.30679499413152683 0.9906504929048587
1.8900000000000001 0.2980568666281214 0.9910495100134945
1.895 0.29609110059537164 0.9922734209430584
1.9000000000000001 0.2945160363815063 0.9890008121014913
1.905 0.30518144927582985 0.9883724815600122
1.9100000000000001 0.2922953198311607 0.9905110387109074
1.915 0.286920140230729 0.9898848343333538
1.92 0.275752541436452 0.9893316740547591
1.925 0.28273681757744534 0.9876971437390933
1.93 0.26912641919398894 0.9869029081520031
1.935 0.26132512304873673 0.986786723483362
1.94 0.2664322915182468 0.987926742015948
1.945 0.2586438701198643 0.9848968462094013
1.95 0.25457991228585614 0.9827662041004834
1.955 0.2710744660418253 0.9828027786032997
1.96 0.2798300779600801 0.9872211591636755
1.965 0.27434814910417293 0.9870798104733307
1.97 0.27801665089594574 0.9885501351552469
1.975 0.278411868329129 0.9870425602948617
1.98 0.2690542059999508 0.9859626466091573
1.985 0.26267350802928496 0.986020670380334
1.99 0.2830604637654617 0.9845891645344509
1.995 0.2735902564804708 0.9831365207936724
2.0 0.2779794630517703 0.9855698886291755
2.005 0.26828242265814045 0.9840317545116976
2.0100000000000002 0.2755140421892528 0.9835227349760577
2.015 0.2644046904770037 0.9868356058962294
2.02 0.24808875086617285 0.9857839627702031
2.025 0.24849552525847077 0.9870863847406932
2.0300000000000002 0.24497903036370364 0.9848814705135416
2.035 0.22391880105487022 0.9851414520364958
2.04 0.22326711406774455 0.9847218983026853
2.045 0.21912881252578514 0.9830892987131156
2.05 0.20875086589048258 0.9839462004559598
2.055 0.205303224300846 0.9829206261898332
2.06 0.20329547913492796 0.9820424805821433
2.065 0.19559852087853638 0.9825240862777533
2.07 0.20191157205959875 0.9823838404585798
2.075 0.2113702222996411 0.9808851378256964
2.08 0.20518997610353665 0.9811247333050418
2.085 0.20083532666827034 0.9810329622949534
2.09 0.18481227162494082 0.9813795581944119
2.095 0.1709795568953168 0.9804994140163058
2.1 0.17046712210415493 0.9815534559578566
2.105 0.1722555499906131 0.9797898644245105
2.11 0.1684953304101519 0.9815384849416958
2.115 0.16136412317346263 0.9819463855887414
2.12 0.1612944386911991 0.9795517665700488
2.125 0.16354402371001447 0.9800130519835327
2.13 0.16122095679601553 0.9801154120532872
2.1350000000000002 0.16350443696974146 0.9793721723642413
2.14 0.1628282755777046 0.9775967114566445
2.145 0.16070023079572138 0.9774561414198816
2.15 0.1570713997587395 0.9771401272862098
2.1550000000000002 0.15686135341076596 0.9795593534220028
2.16 0.16439105404586513 0.9797031721262054
2.165 0.15594487828372602 0.9781509704399969
2.17 0.15003009827538413 0.9806026135263881
2.1750000000000003 0.16213015288271765 0.9808345711001886
2.18 0.13878225089438162 0.9846362662780915
2.185 0.15152086897931588 0.9900827682620489
2.19 0.16147293209936195 0.9923332165209018
2.195 0.17648836156315068 0.9943514458770578
2.2 0.19282220266336325 0.9992694503356755
2.205 0.18534886282517335 0.999546820451814
2.21 0.19341134749874894 1.0003678021515177
2.215 0.19147322758620652 0.999934873650903
2.22 0.1898214655080464 1.0005173943253778
2.225 0.20223045286675653 0.9988433895096589
2.23 0.1891295405510493 1.0003470485311963
2.235 0.21001233874746156 1.0001938411153097
2.24 0.2039817613832977 0.9955554363264846
2.245 0.216115436842688 0.99718430118202
2.25 0.2059710595203951 0.9951546736071126
2.255 0.21878699909363516 0.9927092694320608
2.2600000000000002 0.22139554787558263 0.995366955383941
2.265 0.24912105907015575 0.9951621170355007
2.27 0.2426384349603946 0.9952832310039357
2.275 0.23114127183624122 0.9966564615973852
2.2800000000000002 0.23280969645577929 0.9982212453729641
2.285 0.21721036946931044 0.9986564214922699
2.29 0.22590442607577732 0.9994340810563587
2.295 0.227314084222129 1.001043107753217
2.3000000000000003 0.23702717398534032 1.0050485297573792
2.305 0.2555552208336258 1.0048909736838039
2.31 0.27175558363439506 1.0065885829563208
2.315 0.26992635082086125 1.005649987205411
2.32 0.27697544640394645 1.0060780784446341
2.325 0.2448734080999371 1.0054106564367322
2.33 0.2512285294899474 1.0044847414487308
2.335 0.25019554986159115 1.0051672217226226
2.34 0.2524159518158769 1.0041411583334117
2.345 0.25556556151945126 1.0017599965851673
2.35 0.25891334392038134 1.0021393425013976
2.355 0.26617445082890123 0.999819518723556
2.36 0.26805222294324765 0.9983857691433681
2.365 0.27045890808999035 0.999435852834728
2.37 0.2836778886068267 1.0018675738026168
2.375 0.2833373961330778 1.0016827675951585
2.38 0.2798934696598227 1.001440843884043
2.3850000000000002 0.27267308875669477 1.0001167376249998
2.39 0.27807126103767676 1.0023235163717155
2.395 0.269257867844687 1.002725050233805
2.4 0.26791245378346706 1.0079718103539201
2.4050000000000002 0.2604734386252783 1.0098634117973815
2.41 0.251347887758458 1.0055562246666638
2.415 0.2464311933460085 1.0046085903806636
2.42 0.23803921905307576 1.0053696130458736
2.4250000000000003 0.24442121946999557 1.0018408816646844
2.43 0.23268032242884304 1.000478731231781
2.435 0.2267260908183477 0.9966365639969951
2.44 0.21790484491408246 0.9976847467118983
2.445 0.21003307292414855 0.9977202256050417
2.45 0.20976817711596416 1.0005576536044736
2.455 0.21968572650538842 1.0018706568000875
2.46 0.21302959279772313 1.0026433473794285
2.465 0.2119348668415296 1.003606859667719
2.47 0.20984820712770147 1.004065357385931
2.475 0.19236828000962233 1.0055488905926842
2.48 0.17391867787519144 1.0033284523252683
2.485 0.19060397256418526 1.008079387749756
2.49 0.18771749568947965 1.0074664830405728
2.495 0.1795715637091322 1.008215959154223
2.5 0.17540017287869344 1.0074273521960044
2.505 0.1768423931104887 1.0095964217992541
2.5100000000000002 0.1827357795487563 1.0070955099889847
2.515 0.18536337031980818 1.0031516421755962
2.52 0.1989120887555707 1.000297108283842
2.525 0.205745898795945 1.0020582726561906
2.5300000000000002 0.21539870322066984 1.0021904835618705
2.535 0.2165012376500972 1.0020700922661374
2.54 0.20436767184989232 1.0023954652095193
2.545 0.20907140655545817 0.999318876631832
2.5500000000000003 0.21569246018162322 0.9974353477500919
2.555 0.22280833089734547 1.0008397892683363
2.56 0.22364765888174254 0.9962248899077601
2.565 0.24388202352840563 0.9969947777172842
2.57 0.25641027257737975 1.000803079972566
2.575 0.24511638511387396 1.0022949895024162
2.58 0.2451497801110656 1.0028589297611807
2.585 0.24835372917003343 1.0017182399134872
2.59 0.253588584931532 1.0004379731198347
2.595 0.25554300139906766 1.0023834624189716
2.6 0.2562692670387803 1.0045303342231202
2.605 0.2501211659826319 1.0051497800517846
2.61 0.26014941664796715 1.005723078362556
2.615 0.2467910693659565 1.005898086103649
2.62 0.24023260303156424 1.0046948444205774
2.625 0.24627452361566834 1.0045416034273715
2.63 0.22465727180318992 1.0032685634246212
2.6350000000000002 0.23190143305670405 1.0011440383131054
2.64 0.22481435975056085 1.0016222231484988
2.645 0.22000483644944488 0.9988148507546041
2.65 0.222515715491542 0.998887605498825
2.6550000000000002 0.2228350779539936 0.9995395903677871
2.66 0.21594422028215324 0.9985099230141743
2.665 0.22251637803143942 0.9990175816759335
2.67 0.2283298279160584 0.999731365858909
2.6750000000000003 0.2283196133396584 1.0033860076423373
2.68 0.22376280695614575 1.0064827622094181
2.685 0.2199443580022931 1.009996190746363
2.69 0.222371626812759 1.0166853818519266
2.695 0.21997041501608763 1.0151281007718365
2.7 0.21209148214362106 1.0170573885119143
2.705 0.20653939760266377 1.0175786538377185
2.71 0.20328719279354865 1.0181179483293803
2.715 0.2074120207350044 1.014819734102671
2.72 0.21426711204362905 1.0195042424253358
2.725 0.23315371408579022 1.0212229497281737
2.73 0.2359279190390663 1.0226344570865327
2.735 0.22245382025294816 1.022158562725307
2.74 0.20665679494152212 1.0229100902773445
2.745 0.20866247329647014 1.024970565762359
2.75 0.19844069592596214 1.0243273588518542
2.755 0.20550847774176384 1.0249974566250044
2.7600000000000002 0.19448081414429214 1.026469319107793
2.765 0.1803160296071178 1.0266933066174841
2.77 0.18372550436199994 1.0250437754556414
2.775 0.18208119757706906 1.0277086587316124
2.7800000000000002 0.17787314368622137 1.0271893702283466
2.785 0.168181974817873 1.0291469392478285
2.79 0.16961673333470845 1.0266903360202129
2.795 0.17437194743078963 1.0245307942532935
2.8000000000000003 0.18311905498398168 1.0230913444721803
2.805 0.16994374064594253 1.0250316527368823
2.81 0.1760602902229983 1.0226055959656288
2.815 0.17069517427770328 1.021397182283313
2.82 0.16630954519236887 1.0225376423497057
2.825 0.15582531348941184 1.0236257573805352
2.83 0.1725110712845982 1.0261387078128685
2.835 0.1690594558450502 1.0260726614025748
2.84 0.18393309853986586 1.0278112838912041
2.845 0.16801886296479057 1.0258736754302074
2.85 0.15265939162623665 1.0252969395937732
2.855 0.15458443062752367 1.0264245995432246
2.86 0.15476784212888905 1.0248455470331919
2.865 0.14895522359126045 1.0239025184061281
2.87 0.15586386917134412 1.0237295345174096
2.875 0.16644032043039997 1.0222358169043086
2.88 0.16849926596118095 1.0214173466295242
2.8850000000000002 0.17090660249464862 1.01863423066599
2.89 0.1628887700640586 1.0141528461859235
2.895 0.1765636079551103 1.0124560429081815
2.9 0.17737461021857992 1.0100655307950412
2.9050000000000002 0.17193301392230453 1.0084038276880294
2.91 0.17375772697297578 1.0082260412511497
2.915 0.1617044916123982 1.0075826557979508
2.92 0.16412152624674373 1.0100033478062802
2.9250000000000003 0.12643892969945658 1.011425139714666
2.93 0.14074276687341794 1.0072112557409243
2.935 0.15225493993826197 1.0066736533026193
2.94 0.16012180908038165 1.0099031509168332
2.945 0.16293019133072043 1.0131875848873781
2.95 0.16994100903934442 1.0166973774660688
2.955 0.17028273844407102 1.0199123127163705
2.96 0.18222151501726877 1.021448776828958
2.965 0.18462667579565306 1.0236474522861225
2.97 0.1827878952224253 1.0238991397565222
2.975 0.17522476519973004 1.0238313578232967
2.98 0.18224486269742912 1.025473117728197
2.985 0.181747226365207 1.0280227514662046
2.99 0.18936984430490333 1.0276761525549218
2.995 0.17831506037079098 1.0295110566418118
3.0 0.1829046915585733 1.029379612252801
3.005 0.17906526949236207 1.0297877602066083
3.0100000000000002 0.18536282665059953 1.0312324327000157
3.015 0.16830127088706312 1.0322602173044402
3.02 0.1679552633990341 1.0300920828520066
3.025 0.1619100591131871 1.0268097940621306
3.0300000000000002 0.1730463049024331 1.029079545367701
3.035 0.19067958457710266 1.0307875788031087
3.04 0.19809435303593292 1.0295667597427074
3.045 0.19434548980182456 1.0278602834735024
3.0500000000000003 0.18984399708287714 1.0246205576942384
3.055 0.1980046020019558 1.0223121992760233
3.06 0.1820810321677769 1.0234154149116457
3.065 0.17469677950467585 1.023829804953634
3.0700000000000003 0.19058784516066324 1.0260688711293866
3.075 0.18582747446646417 1.0212235483031689
3.08 0.17988462208004155 1.0197418454130045
3.085 0.1891877166665296 1.0196667846443896
3.09 0.19326700151722687 1.0185475298288416
3.095 0.1844595560151273 1.0195663548384732
3.1 0.18807176842567525 1.021860655720532
3.105 0.18077680521900596 1.0196716249703102
3.11 0.15489658478132953 1.0193611057648735
3.115 0.1564537811274018 1.020322706275826
3.12 0.15387346384121192 1.0208529545673928
3.125 0.15288065049921057 1.0220509011798347
3.13 0.14273645178317185 1.0221083997147016
3.1350000000000002 0.1424956162886096 1.020945053021178
3.14 0.11749520863713908 1.0203456317111237
3.145 0.12058323531560637 1.0189998266691986
3.15 0.11760293781909288 1.0166695743652547
3.1550000000000002 0.09622890776674659 1.0180074632591654
3.16 0.09875616694584524 1.0189296223214581
3.165 0.10184539596393975 1.0202317901876654
3.17 0.09989495440171266 1.0189152791927711
3.1750000000000003 0.11465278222927225 1.0191866146181876
3.18 0.09522480235995115 1.023052749439822
3.185 0.08593121501605623 1.024220905615514
3.19 0.09220966248385873 1.0253317644912157
3.1950000000000003 0.07949194004859562 1.0258475094219142
3.2 0.08574292863270974 1.0252070979650743
3.205 0.08185357961905815 1.0264302566153882
3.21 0.0831156461570052 1.0249872281280952
3.215 0.07104997783680728 1.0283583312309486
3.22 0.0763038189421766 1.0277806101806015
3.225 0.07142859270934344 1.0260691012338166
3.23 0.08430039308419777 1.0255057130339693
3.235 0.07695106260366182 1.0239382879022583
3.24 0.07757333857610704 1.0242755960872556
3.245 0.07546549533737486 1.0216988037201629
3.25 0.0663398287785707 1.02737439468193
3.255 0.05447816910377868 1.0259776492742982
3.2600000000000002 0.04985293430892808 1.026729523627255
3.265 0.05651464591461038 1.026297483848312
3.27 0.06287802306002488 1.028745356355135
3.275 0.06088541368014064 1.0255331863933583
3.2800000000000002 0.06624411879516841 1.0250993116033496
3.285 0.09475901498804266 1.02584327101881
3.29 0.08222831847930755 1.0235111926121934
3.295 0.08458064051318505 1.022951257870353
3.3000000000000003 0.06737898302396551 1.0223468579465698
3.305 0.06003004127660574 1.023452460266856
3.31 0.05955094527042346 1.0253632223381814
3.315 0.06554971828293864 1.0293025307961272
3.3200000000000003 0.0725655457770223 1.0302348030125912
3.325 0.07854534181835918 1.0285936453641125
3.33 0.07895348480283014 1.0271079247337846
3.335 0.08853252464625022 1.0272164519050402
3.34 0.09243600729453191 1.0293384251230633
3.345 0.09007344156739304 1.0300863595232632
3.35 0.07970156702684976 1.0325739872563167
3.355 0.08958743525919725 1.0331497733977997
3.36 0.08994688429518571 1.03103770251992
3.365 0.09121885484051377 1.03060012705622
3.37 0.07588234478500905 1.0305056652034197
3.375 0.08119945052364659 1.0315505225765536
3.38 0.08357104026431729 1.0319121119070183
3.3850000000000002 0.07953794835549442 1.0302111859674936
3.39 0.08274316223004761 1.025428740742275
3.395 0.0887107044010495 1.0247139288806606
3.4 0.09623108673517551 1.025479383958194
3.4050000000000002 0.08923984965997622 1.0247671868021884
3.41 0.10203065999043065 1.022924552156006
3.415 0.10236882433275611 1.0202192225271574
3.42 0.10668431130841576 1.0188866846867395
3.4250000000000003 0.11890207035224179 1.0201333136391268
3.43 0.10922634772622888 1.0167256405004492
3.435 0.10926608172090303 1.0199032679773166
3.44 0.1043891498222802 1.0216074954319587
3.4450000000000003 0.09892861492526295 1.0239447081981836
3.45 0.09352378500611612 1.0277055099501076
3.455 0.12061514624274591 1.0264545021488274
3.46 0.13248404695064156 1.031349847852759
3.465 0.1439175876802265 1.0309526105285114
3.47 0.14982988743682046 1.0330159191275976
3.475 0.14667663246628967 1.0320815180415654
3.48 0.14996211157468176 1.0324187691697813
3.485 0.15783217372824976 1.0317942163816571
3.49 0.15757465571020024 1.028745488662931
3.495 0.16151549050114436 1.0293710203820368
3.5 0.1618614405041602 1.0271615719450953
3.505 0.1748547100104324 1.0296549973163285
3.5100000000000002 0.1520227168852454 1.0285646187079798
3.515 0.1850979948950499 1.0263083768078018
3.52 0.17725026847038725 1.0273449169879347
3.525 0.17039160802846773 1.0285186812820912
3.5300000000000002 0.16756669700363322 1.0294167056526429
3.535 0.17761182404535306 1.0300577900444663
3.54 0.17097574132759025 1.0328909015967995
3.545 0.1820080095820629 1.0332025071395587
3.5500000000000003 0.1676797718265818 1.0351678867725238
3.555 0.15824542345385342 1.037396846560655
3.56 0.15466317314932757 1.0377298109230124
3.565 0.14668718483963716 1.0431184956306396
3.5700000000000003 0.14692666102607543 1.0452259153066106
3.575 0.16281251716469633 1.0482758825506717
3.58 0.15220133452909398 1.048127756581346
3.585 0.13554085765484164 1.0445681758140513
3.59 0.12784204947235975 1.0453789914588776
3.595 0.12068730149568839 1.047765817782077
3.6 0.10856182325569037 1.0447136944351278
3.605 0.10468036033107327 1.0451831613927298
3.61 0.10851346676711981 1.0461268940941593
3.615 0.11332925231699345 1.0450877222971617
3.62 0.12444072114236074 1.0446107857163707
3.625 0.12898968233506525 1.0422343664569256
3.63 0.12842139255420063 1.0420357277477794
3.6350000000000002 0.11679969221219602 1.0422430689342734
3.64 0.11240704699314528 1.041344822159217
3.645 0.12223354474618389 1.0428010158662149
3.65 0.11105193714024969 1.0397128133096447
3.6550000000000002 0.10858143350705857 1.0385175568969365
3.66 0.1014162586233292 1.0366104961820515
3.665 0.11070473025092903 1.0340071948255303
3.67 0.11646086653040663 1.0319336652992555
3.6750000000000003 0.12271065695788788 1.0327793812901607
3.68 0.1383295651868835 1.0299365810469912
3.685 0.14246228913488818 1.0282170117048464
3.69 0.13840785544126696 1.026472021165964
3.6950000000000003 0.1357339905141854 1.0252488469679466
3.7 0.14337036617163543 1.027270150369732
3.705 0.16120429716576012 1.0261655012940587
3.71 0.14914841247282706 1.0253299407743395
3.715 0.143943190639344 1.0223089395349114
3.72 0.16234773948692535 1.0255930648259772
3.725 0.16555687683895148 1.0292896268658305
3.73 0.1649613661733177 1.0289788893025622
3.735 0.15475214012392613 1.0311682556441308
3.74 0.1498286211646011 1.030444280046404
3.745 0.16866644257083022 1.0307259168896965
3.75 0.17318604499549764 1.0292735748287218
3.755 0.18121249405421175 1.0335948196306672
3.7600000000000002 0.18702076350759725 1.0366059071260618
3.765 0.17821836759170623 1.034721873737413
3.77 0.17633304301107144 1.0342001575901667
3.775 0.18801067133077398 1.0346778955485243
3.7800000000000002 0.19661383294162896 1.0350788575936842
3.785 0.19043930832962971 1.0351579730739002
3.79 0.2101287433682347 1.035822068489856
3.795 0.21981425714667271 1.0375926099251318
3.8000000000000003 0.2321146036469633 1.036695128831265
3.805 0.22557810081677704 1.035901835902611
3.81 0.21257779880736563 1.0349254071468135
3.815 0.224978608776174 1.0357423653447815
3.8200000000000003 0.2157478049684224 1.0356805708980705
3.825 0.20490231508977388 1.035690606545041
3.83 0.19552878546179012 1.0336143538989016
3.835 0.21540798030023886 1.0326442800731026
3.84 0.2112022272925125 1.0297422315877849
3.845 0.19944330036484548 1.028224908355857
3.85 0.2049696191495204 1.0280857628935827
3.855 0.18678856419300222 1.0291045644933576
3.86 0.18367752974599752 1.0229763886192593
3.865 0.19371511042898848 1.0233512500349204
3.87 0.17881950997959392 1.0236674955147544
3.875 0.17630288827016602 1.0216849740084586
3.88 0.16351067254100385 1.0217971857341355
3.8850000000000002 0.1527701771262699 1.0198431949713953
3.89 0.15502080103668567 1.0203986188427392
3.895 0.1485123135965102 1.0201281928006551
3.9 0.13837635585931213 1.019298746697157
3.9050000000000002 0.13165163543350283 1.0202034284390697
3.91 0.1337908227840395 1.0194419384328766
3.915 0.13338768538840842 1.0195153950413676
3.92 0.1231447486228396 1.0171854755595515
3.9250000000000003 0.1332656108613582 1.0183515614838614
3.93 0.11909620717041491 1.0168999759751882
3.935 0.11710485221407396 1.0150156416357468
3.94 0.12806874004239177 1.0130254114240766
3.9450000000000003 0.14437540337547142 1.0117453162797658
3.95 0.13953028503088774 1.0076068432519587
3.955 0.1301361762383518 1.0077867002999132
3.96 0.13801462337451148 1.0062939917152334
3.9650000000000003 0.12854532434547508 1.0066645739772155
3.97 0.13398719049807647 1.0055543269799854
3.975 0.1416824451513775 1.0080968471990346
3.98 0.14007238944667225 1.0089232105526675
3.985 0.14292806012592732 1.0106935955436203
3.99 0.12560226723890522 1.010423980150538
3.995 0.1269012651136387 1.0092028437935243
4.0 0.13321451239118332 1.0080697387017066
4.005 0.13048331205290398 1.0087587818277408
4.01 0.13558694792441725 1.0070161024259152
4.015 0.14013355323180998 1.0062784103696372
4.0200000000000005 0.15012533697123376 1.0042738321858806
4.025 0.1389606866745838 1.0047938368845981
4.03 0.13955878554417211 1.0059643634623556
4.035 0.1282567443266871 1.0035539977731278
4.04 0.13410299415237628 1.003262069727668
4.045 0.13077176883389727 1.0013669427659566
4.05 0.14542651244757135 1.0041726614356998
4.055 0.14782801751108793 1.0049154134689482
4.0600000000000005 0.1510454271474311 1.0015002840764284
4.065 0.14769725101341244 1.0032377771686587
4.07 0.1472995552954745 1.0057561097001049
4.075 0.14702366390547583 1.005697687863943
4.08 0.16823408332619302 1.0068358602340408
4.085 0.15161929092944387 1.006856186425043
4.09 0.15555633795553492 1.0061892555170404
4.095 0.1606100128357302 1.0056707760148453
4.1 0.161216967871984 1.0046661665525443
4.105 0.16981230671621575 1.003947875053609
4.11 0.1758775941835498 1.004334663846317
4.115 0.16907862252535766 1.0010182100313483
4.12 0.15838054062351625 1.0013350661535063
4.125 0.1664031175984071 1.0009067987912224
4.13 0.17953887570254692 1.000807600456534
4.135 0.17975014048618757 1.0006286171041514
4.14 0.18224818206900537 1.002239339803903
4.1450000000000005 0.20282569428750358 1.0059968763298628
4.15 0.20603503177105154 1.0061392384013543
4.155 0.19266788167283885 1.0079216282445498
4.16 0.20530230469975028 1.0065299329845885
4.165 0.1860609792036029 1.0058390713531298
4.17 0.16580063459361816 1.0009266461462756
4.175 0.1688389916198267 1.0047305670424598
4.18 0.17296085886080134 1.006896682229224
4.1850000000000005 0.17114732125609816 1.0072469985050032
4.19 0.16697372072096905 1.0080433201752748
4.195 0.15131733630235103 1.0051935685873046
4.2 0.1607542276379702 1.0041723346146694
4.205 0.17048040812264859 1.0030883371991948
4.21 0.1606194005495722 1.0000526402626595
4.215 0.1637071303986777 1.0012261042422501
4.22 0.16251367041922965 1.003081603431004
4.225 0.16208433270112807 0.9996495405766173
4.23 0.14911099077622658 1.0016724188880626
4.235 0.13518814478080843 1.0032994362666154
4.24 0.11620619203781662 1.0061713508523125
4.245 0.10975881759146336 1.0061778444150242
4.25 0.09610094201210806 1.0080531500059322
4.255 0.08788869470230805 1.0083453853999869
4.26 0.09241007486949415 1.0077139806646167
4.265 0.08745629370445027 1.005069961598525
4.2700000000000005 0.10318992491328383 1.0060525762077002
4.275 0.0816926192181135 1.0063155148199876
4.28 0.08324614342304613 1.0062248370225433
4.285 0.08877543767441129 1.005922624291275
4.29 0.06772117431235646 1.0093854592148104
4.295 0.06832993424929877 1.0114240298166264
4.3 0.07420603525137139 1.0102651421158022
4.305 0.0849950243786675 1.0062109945577355
4.3100000000000005 0.08951307314722777 1.0087322125982003
4.315 0.08607911321805282 1.011730417265386
4.32 0.10776121914186239 1.0150028408331033
4.325 0.09723108566884646 1.0166980405016965
4.33 0.07743111498089872 1.0167175868902019
4.335 0.06900283865138533 1.0173503620018696
4.34 0.0640810230443896 1.0166354877291497
4.345 0.0841442270501362 1.017215144830657
4.3500000000000005 0.08343131038053159 1.0173728395187946
4.355 0.092978231168304 1.0220927089005194
4.36 0.09308497775134604 1.0221319588597808
4.365 0.08738446181233783 1.0209128468988706
4.37 0.0796446101568326 1.0187101066793562
4.375 0.07079912114449578 1.016362491292619
4.38 0.07716168005303897 1.0198599742138894
4.385 0.0717399717955011 1.0211660045939486
4.39 0.07258780407762024 1.0190225357686409
4.3950000000000005 0.07437545877037299 1.0181757209746662
4.4 0.08756942962973303 1.0207033208749836
4.405 0.08288043032305031 1.0197814694548843
4.41 0.08353162869678915 1.0251698478028912
4.415 0.09592970894552093 1.022793533758254
4.42 0.09524864904043572 1.0239736688547412
4.425 0.12026711419587867 1.019638879630813
4.43 0.1211317413542017 1.016378093743154
4.4350000000000005 0.13548737958850224 1.0164205678397142
4.44 0.15300989357911784 1.015685517022414
4.445 0.15428187455169748 1.019492463762755
4.45 0.14850601730144095 1.023877884138937
4.455 0.1294084696929468 1.023341473531497
4.46 0.13235607610547856 1.0219501631582506
4.465 0.1256423933471766 1.0224664155098038
4.47 0.12412402314597461 1.0292900817727706
4.4750000000000005 0.11437272866125536 1.0282067461639173
4.48 0.13685861351371925 1.027634938809555
4.485 0.11587505307020651 1.0286407487910236
4.49 0.11245103710192081 1.0316614862513467
4.495 0.1246950572501449 1.0319727604404965
4.5 0.12414494021010626 1.0333673121933045
4.505 0.11936100215380298 1.0331493943659606
4.51 0.12689360694082719 1.0309361416078107
4.515 0.12892897382708188 1.0314072871901332
4.5200000000000005 0.13548379734849558 1.0304075160280677
4.525 0.1510382059260404 1.03294928140916
4.53 0.15687179654595662 1.0298177810637232
4.535 0.16113266743848606 1.027685511179238
4.54 0.15996297364361864 1.0268488338832522
4.545 0.15112640351091985 1.025687811895607
4.55 0.1795402189037136 1.0244674292762739
4.555 0.19153497072402367 1.0254370037407827
4.5600000000000005 0.21459662074091518 1.0288673525702967
4.565 0.20640514942415622 1.0277681472182754
4.57 0.2124674820704563 1.025779548131474
4.575 0.1912801429073652 1.0254539208138318
4.58 0.18770972480932208 1.0227117789780633
4.585 0.17546288864095982 1.0193826663524552
4.59 0.1800902956986668 1.018309130926469
4.595 0.19208022783978948 1.0205777510321665
4.6000000000000005 0.17312452360743694 1.018693743568226
4.605 0.1739904929941338 1.0166983453400604
4.61 0.18299899893758717 1.0170707349910213
4.615 0.19612083694186286 1.0149449824321453
4.62 0.19346603493664616 1.0144567705814103
4.625 0.19599515581774754 1.0127115919797467
4.63 0.20099370390117827 1.0124683340461376
4.635 0.18613728198900426 1.0122246602608054
4.64 0.18495834105765227 1.0140968576492324
4.6450000000000005 0.1872744192097001 1.0137316484462353
4.65 0.19305793422884615 1.0133349500046998
4.655 0.17291203578255981 1.0106858707102746
4.66 0.16587199517295326 1.0105928110255322
4.665 0.16449525456354713 1.0104984513181308
4.67 0.16098088470384167 1.012152598280209
4.675 0.16063827007549378 1.0104073617751046
4.68 0.16885203398639034 1.0107478890088037
4.6850000000000005 0.19079286787690022 1.0131620836533335
4.69 0.2091082663414098 1.0146308523324463
4.695 0.20603240848076898 1.0176880983627894
4.7 0.2107538233104954 1.0228778769082547
4.705 0.21259251731571627 1.0239073892345576
4.71 0.2015654911841563 1.0246296800812569
4.715 0.2061504445741992 1.0235737430299963
4.72 0.19504673425530683 1.0278347359811086
4.7250000000000005 0.1960882196928012 1.0298770603877108
4.73 0.19001028822500501 1.0281515738267761
4.735 0.1761592350053997 1.0299576186178514
4.74 0.17910706502148094 1.0311364965191172
4.745 0.18838480789454493 1.0310500277554864
4.75 0.1662364720445477 1.0324515134786179
4.755 0.17915457684162964 1.0329046622927636
4.76 0.1822777275064238 1.033512321806488
4.765 0.1706269208527676 1.0321033373685848
4.7700000000000005 0.15550496454541185 1.0320923730695315
4.775 0.1637030210668135 1.0278165247415432
4.78 0.15477952995374117 1.0280163317397428
4.785 0.16100216407764895 1.0304868170011043
4.79 0.16331012461312444 1.0345200853517358
4.795 0.1552965975071781 1.035433749080919
4.8 0.16562965252383088 1.0364080841829628
4.805 0.15280545635690956 1.0363596699408848
4.8100000000000005 0.15312529185954096 1.0348188324123506
4.815 0.15157352121675133 1.0329607465207182
4.82 0.15398070809223094 1.0305127857583345
4.825 0.14849052419376807 1.031484175340618
4.83 0.14482972179407494 1.0265483518916838
4.835 0.13781314352294466 1.0247347608896489
4.84 0.14505748957084072 1.023283984218616
4.845 0.1598505452639384 1.0207524565516257
4.8500000000000005 0.15909636007231048 1.0178831937482617
4.855 0.15845757292703613 1.017878806890921
4.86 0.1679252146196758 1.0166104298705512
4.865 0.16871701430657007 1.0161907431491557
4.87 0.1646916183934484 1.0141601239821225
4.875 0.17375683653220242 1.0140140247559575
4.88 0.17321183541313856 1.011997696673316
4.885 0.1836554451943396 1.0160601648355898
4.89 0.18231794260071132 1.0151556368047434
4.8950000000000005 0.1990661569084497 1.0172516913325298
4.9 0.1854995119217684 1.018023919907931
4.905 0.19644934659862162 1.0173388324635901
4.91 0.18901295408607752 1.0144431718895148
4.915 0.17693218875570324 1.013597090371147
4.92 0.1788371267344747 1.0127999745320857
4.925 0.18395940757289891 1.0132031705608546
4.93 0.16926021282737935 1.01302274929315
4.9350000000000005 0.150823017514569 1.0110419170332527
4.94 0.15563457848736167 1.0116873065914158
4.945 0.15816205372044023 1.013380684156574
4.95 0.151208690825644 1.0132744695146398
4.955 0.1462221295330967 1.0125934469681475
4.96 0.1503213513761829 1.0117237246812703
4.965 0.155063472005913 1.0140215401749362
4.97 0.14667555830420922 1.0146385739582344
4.9750000000000005 0.14277771594194516 1.0123791325687992
4.98 0.13088121152932522 1.0151914223358038
4.985 0.12152272047295383 1.013063508119963
4.99 0.11420151713256703 1.0122339554782898
4.995 0.1111989768592046 1.0114333577796304
5.0 0.10464907157927182 1.009836555885371
5.005 0.11729275581536434 1.0084919674683976
5.01 0.10930807109565496 1.0064606571892167
5.015 0.10460269650750682 1.0040073708985051
5.0200000000000005 0.11219016392609786 1.0050852323843007
5.025 0.1192569123967855 1.0025260997844758
5.03 0.13342240499958577 1.001874006385556
5.035 0.11037134886265212 1.00062456055795
5.04 0.11459044191418219 1.0002339149676533
5.045 0.10699914589568726 0.997828667950651
5.05 0.09488965518742946 0.9963614559564794
5.055 0.08611443365426238 0.9924181891049935
5.0600000000000005 0.1022242397593085 0.9920891355567095
5.065 0.09692641868825774 0.994959513627781
5.07 0.09013137457101403 0.9933279741730124
5.075 0.08864668635180913 0.9946072314946678
5.08 0.10371014783552354 0.9938602036388183
5.085 0.1068707704383627 0.9963319991491076
5.09 0.10336497109837348 0.9975455955590116
5.095 0.11038586627439863 0.9983757914415595
5.1000000000000005 0.11473550469574363 1.0010330652009665
5.105 0.11325043894630077 1.003199742662927
5.11 0.1099618123273963 0.9999929677698421
5.115 0.10994949244928262 0.999656359151793
5.12 0.11318653019974542 0.9983707483289885
5.125 0.12892561234313976 1.001105320137913
5.13 0.13406258327613294 0.9989160787149047
5.135 0.14757705425383513 0.9994214866253828
5.14 0.14626101830107013 1.0006054136691387
5.1450000000000005 0.1470579985000423 1.002733917648875
5.15 0.14699007493689856 1.004448262905133
5.155 0.15771844982413208 1.0047265899711797
5.16 0.1525001773146985 1.0063504458460821
5.165 0.16188875328439384 1.0063506426729363
5.17 0.15593757780130868 1.0094569286316193
5.175 0.15719703552244246 1.009563673942122
5.18 0.1550677320861826 1.0081398765819838
5.1850000000000005 0.14754311418763183 1.0087152829464094
5.19 0.1524818226995535 1.0092565254014676
5.195 0.16262174774247096 1.0038258630399355
5.2 0.16285962161651044 1.0063003970768543
5.205 0.17321823876268488 1.0078207506777794
5.21 0.18273683821054473 1.0076614805051813
5.215 0.1627634688928208 1.007274672804456
5.22 0.1542551921476421 1.0075616142693404
5.2250000000000005 0.14764630379212984 1.0070482944607906
5.23 0.150630703030365 1.006476867791749
5.235 0.15521376825669667 1.0027541447018835
5.24 0.1505283884558231 0.9995577641985683
5.245 0.1520162807842089 0.995196181745498
5.25 0.16313380292322363 0.9974960062717544
5.255 0.16251804460121605 1.0005774318822058
5.26 0.16373924837963183 1.0013610654675262
5.265 0.16405546734846038 1.0000571727266474
5.2700000000000005 0.17282215954173097 0.9984026169519249
5.275 0.17406465065007606 0.9986205810231672
5.28 0.17032112355135293 1.0002387700587103
5.285 0.17956758641611692 0.9978900274718111
5.29 0.1770070439013735 0.9947499146213611
5.295 0.17264216725749748 0.994076084804429
5.3 0.16846417857862883 0.9932465840951933
5.305 0.16474902758745225 0.9939136713502968
5.3100000000000005 0.1536797376776459 0.9935858864018341
5.315 0.14900748121177065 0.9914760265665643
5.32 0.1447967449852799 0.9936810594309465
5.325 0.15610157079811132 0.9947601247987133
5.33 0.16126640718465585 0.994917137412154
5.335 0.18028468641916345 0.99691812940676
5.34 0.18702446401048867 0.9956241955537951
5.345 0.17687646786666772 0.9931879042454258
5.3500000000000005 0.18003516321615584 0.9917606255246254
5.355 0.18576692347389837 0.9913076974633934
5.36 0.18400101158628787 0.9913431249342478
5.365 0.1876496391872058 0.9902259646638002
5.37 0.17610734764909208 0.9895088736421563
5.375 0.18434877211035341 0.988481189877107
5.38 0.17666035873477742 0.990832015908096
5.385 0.1834638509097693 0.9920120017079378
5.39 0.16904355848053831 0.990824626515718
5.3950000000000005 0.16914538972901802 0.9902129879194119
5.4 0.18326176347271736 0.992172821972145
5.405 0.1870610932401728 0.9924905282882799
5.41 0.18491418595952194 0.9913001965023708
5.415 0.16110996810892303 0.9922933548600151
5.42 0.16828971027360837 0.99363460254922
5.425 0.18031284497631492 0.9946330864472895
5.43 0.17661131520520507 0.9909372980533215
5.4350000000000005 0.19088141193931385 0.9900405129964848
5.44 0.19284174325578646 0.9882768861969038
5.445 0.20148569920445059 0.9855842424138124
5.45 0.21761855536087674 0.9832721791174616
5.455 0.22374930468686877 0.9817049446718215
5.46 0.21811062680944635 0.9821879797343587
5.465 0.2346289404802138 0.9826763697416194
5.47 0.2367962642225536 0.9816274492031273
5.4750000000000005 0.22150314807263988 0.9804914575813604
5.48 0.2180382221547988 0.9822542379358905
5.485 0.19504133623544515 0.9840677428366744
5.49 0.19093996711051106 0.9836908745945393
5.495 0.18395771417945223 0.9857403734332935
5.5 0.17890849467345177 0.9865659157951199
5.505 0.17276574233736675 0.9871332826744771
5.51 0.17884232870296543 0.9867906712233243
5.515 0.18561654799388158 0.989869763504091
5.5200000000000005 0.18335645558697095 0.9882919929452971
5.525 0.18113108018926222 0.9898963485788042
5.53 0.1765350549036744 0.9894507211196518
5.535 0.16131712936890077 0.9851563408145283
5.54 0.160222972330892 0.9812971432237529
5.545 0.13322453274519855 0.9836415196603315
5.55 0.13204623674425384 0.9830191940487233
5.555 0.13319870076846313 0.9876947401883516
5.5600000000000005 0.14238348953867708 0.9858944409648873
5.565 0.13318493273146417 0.9836492090662176
5.57 0.13016688414997857 0.9830238580753711
5.575 0.12470603901560963 0.9848341823780149
5.58 0.12525772793353607 0.9873618056085088
5.585 0.11458864798333097 0.9881622542722627
5.59 0.1120332554622217 0.9850795766899013
5.595 0.1127782330025936 0.985921495859228
5.6000000000000005 0.10777107244945673 0.9862702937905944
5.605 0.09558033707245837 0.988441208352857
5.61 0.10093521680167282 0.9902092799507852
5.615 0.09916991067990838 0.9930014476360699
5.62 0.09747027457548485 0.9930588763896036
5.625 0.10395617214548696 0.9925749688690232
5.63 0.1051479341159159 0.9891052853391457
5.635 0.10789572790079478 0.9903725123765976
5.64 0.09626933638195201 0.9885761025276797
5.6450000000000005 0.10152217536685551 0.9907152730652108
5.65 0.11845922627445907 0.9924908669798659
5.655 0.11679129495541116 0.9946048353824224
5.66 0.1134423758934382 0.9955196127274505
5.665 0.11025674379973406 0.9912827345175413
5.67 0.11446584853967096 0.9910719141695443
5.675 0.1163663482285936 0.9927838980160861
5.68 0.12537059813401547 0.992454487596559
5.6850000000000005 0.12400802297749174 0.99071278595975
5.69 0.1281672228079371 0.993010456995052
5.695 0.11942442596630796 0.9922413429556038
5.7 0.1249523378337995 0.9889998540316195
5.705 0.12979125053287052 0.9908808732606702
5.71 0.1384329118726077 0.991449558800541
5.715 0.14050502079306906 0.9904083608484796
5.72 0.1334145065524017 0.9889995252593582
5.7250000000000005 0.14508047731818355 0.9891075651268475
5.73 0.1340086124040586 0.9895356762011379
5.735 0.1379946582117721 0.9902264357264631
5.74 0.14428635971382842 0.9906696333706364
5.745 0.15382728308514573 0.988177141165476
5.75 0.13901761929508077 0.9922104090199552
5.755 0.14485083290967055 0.9919827351887188
5.76 0.15436464416426215 0.9935117769720506
5.765 0.14033906558736722 0.9964891972526839
5.7700000000000005 0.14183856286099975 0.9963782778554038
5.775 0.15235767449618884 0.996155262462222
5.78 0.1499004675166926 0.9941711508313449
5.785 0.15879831627893098 0.9943573174123983
5.79 0.15618878637584277 0.995425921183659
5.795 0.1696969003002574 0.9963616070787421
5.8 0.1822994597101918 0.9945526873392553
5.805 0.17354432328224895 0.9947870533941922
5.8100000000000005 0.16418140574766216 0.9933999125935188
5.815 0.1728671886738832 0.9931043742378782
5.82 0.17537272773950596 0.9933885933058838
5.825 0.18088080179216046 0.9917776860222514
5.83 0.18223516994679742 0.9930251258769651
5.835 0.19023192336164885 0.9895025885052546
5.84 0.15692263053077318 0.9902741784985883
5.845 0.15577512573364058 0.9915726119476791
5.8500000000000005 0.14369311571012855 0.9905413939491009
5.855 0.14368513086106716 0.9916793291189432
5.86 0.1525822957038035 0.9906210753856778
5.865 0.14713289045932995 0.991841191989723
5.87 0.14036241227645624 0.9945399893147835
5.875 0.14155752041945965 0.9940088276897694
5.88 0.15409708071676742 0.9975875936725439
5.885 0.15322099456904806 1.0004410650934408
5.89 0.16198936439261968 1.0006374768648612
5.8950000000000005 0.17132214555762434 1.0024516091906968
5.9 0.15851876028130776 0.9993307339587373
5.905 0.15106245029959842 0.9990829151255332
5.91 0.13470469972710866 1.002162875126577
5.915 0.1359977628843574 1.002710932961467
5.92 0.13927067284050126 0.9997801988675181
5.925 0.12972668305816126 1.003330991873831
5.93 0.1310977793209257 1.004936484113742
5.9350000000000005 0.11114884242969841 1.0049903869701338
5.94 0.11204152885158088 1.0069960074440703
5.945 0.10841853307070336 1.00761740972999
5.95 0.10074076822809876 1.0045299370678336
5.955 0.07492757492702688 1.005499222585095
5.96 0.07442045397763403 1.0099920039353176
5.965 0.07649118476403328 1.0107705252736945
5.97 0.0739239300106735 1.0091649134178429
5.9750000000000005 0.07614210729239014 1.010452045375801
5.98 0.0843305990504587 1.010734832369813
5.985 0.10323752155716391 1.01170144692724
5.99 0.11825052010503175 1.0102344159707153
5.995 0.11480142382181674 1.0097752512928315
6.0 0.10984142218691267 1.009492899630721
6.005 0.12201160769672248 1.0091352569131915
6.01 0.1205112062297467 1.0088532726550294
6.015000000000001 0.10896205930539703 1.0105586883577755
6.0200000000000005 0.10802770997332425 1.0086717436633874
6.025 0.10056024395888025 1.0114836645253475
6.03 0.10582135874302578 1.0146976484336476
6.035 0.09443145000774913 1.010528751270286
6.04 0.12388675100090289 1.0109917656873861
6.045 0.10786331919125736 1.0094102309451194
6.05 0.10063226358234142 1.01348501410829
6.055 0.11238309453262028 1.0108062818603174
6.0600000000000005 0.11415514276569275 1.012526959834831
6.065 0.11279179190021636 1.0116397721695338
6.07 0.09351555267012915 1.0148971913480775
6.075 0.09487903086637106 1.0130520134501622
6.08 0.1054373930108608 1.0128458229450081
6.085 0.10170817954709661 1.0121961162089923
6.09 0.1287741707878936 1.0098865992959174
6.095 0.11743179777150649 1.0103521258867938
6.1000000000000005 0.09851724850586628 1.0087211765057809
6.105 0.10809908242002278 1.0091922860998181
6.11 0.11812676465081096 1.0093006994170053
6.115 0.10807877723883717 1.007999396477899
6.12 0.10966444765021414 1.0065481191785213
6.125 0.12064775309621201 1.009473194227634
6.13 0.12968226285064 1.0100037774015491
6.135 0.13001830342507056 1.0056365877819253
6.140000000000001 0.13253517167702206 1.002610912344346
6.1450000000000005 0.11805377281947742 1.003451812734221
6.15 0.11785052667903669 1.0030922921052579
6.155 0.1187298541968114 0.9986552977495834
6.16 0.13548305173889386 1.0003829077199344
6.165 0.11450643065086857 0.995259409269942
6.17 0.10205074632699575 0.9946026569600206
6.175 0.10836669176155851 0.9946674297459134
6.18 0.10430443738719773 0.9920509742820778
6.1850000000000005 0.09889696593549573 0.9952849988964605
6.19 0.0820878347617985 0.9941558145258292
6.195 0.08371852879665304 0.9972933937396287
6.2 0.08494394637405293 0.9986778430982044
6.205 0.08430741891317356 0.9953526953987053
6.21 0.08050681587605807 0.9957556339001605
6.215 0.07871391725462545 0.9992698264820589
6.22 0.07212865010192854 0.9998286018673338
6.2250000000000005 0.0752347972786209 1.0010033907268736
6.23 0.06651145221557749 1.0034911915867621
6.235 0.0645636321603084 0.9986396308025435
6.24 0.050560616550284515 1.0020666278382817
6.245 0.03800124860607976 1.0078481875494136
6.25 0.03823924548332267 1.0118286622322687
6.255 0.026912129617980583 1.0090223045920796
6.26 0.03007721232543107 1.0092673595264512
6.265000000000001 0.034674955736536096 1.0095906269321466
6.2700000000000005 0.03559187144526079 1.0121034005764762
6.275 0.0326813537323061 1.0109101598764247
6.28 0.044520741302761555 1.0107385786721657
6.285 0.04463633146163484 1.0113186618072947
6.29 0.04800551237666403 1.0067044531790597
6.295 0.0495595261579189 1.006156510242748
6.3 0.03389913607768062 1.007373126933705
6.305 0.01932658389297534 1.0065499104353586
6.3100000000000005 0.03693427307792057 1.0055788773370302
6.315 0.04034704555114994 1.00401485716041
6.32 0.03247849301678433 1.0026956534874942
6.325 0.03740689472181181 1.0015414541408894
6.33 0.03040479000731141 0.9985983360139573
6.335 0.03063989163121745 1.0020513300410618
6.34 0.042503552955282915 1.0022912026517206
6.345 0.034416962274718854 1.0029389216289273
6.3500000000000005 0.03938753922403228 1.0050786768671303
6.355 0.05063522940065095 1.0035242397139208
6.36 0.05935322590677182 1.004076871595043
6.365 0.048272591976804786 1.0043214081223566
6.37 0.03782487366800256 1.0078444383158804
6.375 0.05345717347174367 1.008210609627889
6.38 0.05088929359911352 1.0039693203425781
6.385 0.05140070167374642 1.005305450465105
6.390000000000001 0.055725138347220676 1.001073818386256
6.3950000000000005 0.039082074298050856 0.9977687696944045
6.4 0.01712594882397099 0.9982937336720697
6.405 0.006483308015821968 0.9969115116632685
6.41 0.0021346395551803997 0.9949617949564358
6.415 -0.002203268771219188 0.9934737098860139
6.42 0.013793349924758386 0.9941459652780099
6.425 0.019542392456008983 0.9961348261660643
6.43 0.0006061116479574774 0.9934270429326189
6.4350000000000005 0.0005536760524835454 0.9946236841215231
6.44 -0.010007031746772262 0.9958216414132516
6.445 -0.0018838727283145833 0.9945075865677682
6.45 -0.00451659923107709 0.9950521705446493
6.455 -0.018110558230825417 0.995231421221679
6.46 -0.015795681360600985 0.9956593415296356
6.465 -0.014261315782427642 0.9958730794633078
6.47 -0.010983188024790426 0.9963228147313483
6.4750000000000005 -9.298083794413492e-05 0.995613606543337
6.48 0.0007960023853115611 0.9964095943771853
6.485 0.012866910290350732 0.9972241788210467
6.49 0.024710571704045562 0.99962056014138
6.495 0.026020067003983537 1.0002352074049845
6.5 0.039230104928261386 1.0011198987283907
6.505 0.03428554420800656 1.0009775828664196
6.51 0.03628808287878504 1.0012439542181537
6.515000000000001 0.033030565444339764 0.9986555102823697
6.5200000000000005 0.027781845339045833 0.9961059547461436
6.525 0.029401309790558276 0.9956664383525815
6.53 0.028426217968393893 0.9984178299676864
6.535 0.027068418294994435 1.0002559700013962
6.54 0.04045712268542604 0.9980439201768521
6.545 0.03719742238998815 0.9994650753303258
6.55 0.029961705953922602 1.0016688691853528
6.555 0.04235489579275543 1.0017300449212785
6.5600000000000005 0.02536191931002403 1.0041280061680915
6.565 0.032946426647862334 1.0056863489297707
6.57 0.01616282666606488 1.0024463187403834
6.575 0.015058815067905325 0.9979020506167019
6.58 0.02949565176800087 1.0004545292536229
6.585 0.027141408839332106 1.0009565882771128
6.59 0.03414989646998145 0.999501833949576
6.595 0.038021794413956374 0.9995907554093854
6.6000000000000005 0.035878904815735545 0.9996508713345791
6.605 0.03600949658253305 0.9976920912966667
6.61 0.040670883188855714 0.9982235062959995
6.615 0.049136020927842805 0.9979621683409851
6.62 0.063591102179877 0.9983830566040289
6.625 0.05512473718374505 0.9989229215541131
6.63 0.04823057902338911 0.9994973941675221
6.635 0.05342084439969139 0.9969291104722208
6.640000000000001 0.06011185456514461 0.9998802747417405
6.6450000000000005 0.04991700429854293 1.0000892435555462
6.65 0.03897585519481979 1.0017287371905887
6.655 0.05634150664531231 0.9987584269450541
6.66 0.07092290798999153 0.9987348080263164
6.665 0.06718937028579701 1.004082580774101
6.67 0.0630438812273148 1.0028195380754068
6.675 0.055624470524708626 1.0027371062273633
6.68 0.04549117588170933 1.0002342056612046
6.6850000000000005 0.043946431701484164 0.9971029215600296
6.69 0.037420949463375465 0.998887879793965
6.695 0.039366956079277 0.9999400576585759
6.7 0.007480012571000263 1.0002441327807627
6.705 0.020310922476152307 0.9979847554718979
6.71 0.024982181518265943 0.9986486796899858
6.715 0.02189249406617659 0.9979902516951199
6.72 0.024694254633112735 0.9986390448251583
6.7250000000000005 0.027068674819702147 0.9992812217959365
6.73 0.011738477527397834 1.0002934826864471
6.735 0.013769193767871645 1.003028306589812
6.74 -0.007673164300747616 1.0012707188069434
6.745 -0.009920922352862183 1.0020851278422929
6.75 -5.510168804515131e-05 1.0013543019828324
6.755 -0.01201122564037515 1.00120897078978
6.76 0.0063229899269787344 1.0023380011071126
6.765000000000001 0.004158397288461224 0.9991660051328456
6.7700000000000005 0.019707243134562444 1.001142724286356
6.775 0.017193366307910126 1.0038800265077015
6.78 0.020242317079433202 1.0055162458767959
6.785 0.005910559294701133 1.0077315038493337
6.79 0.0005160478271747698 1.0083225467036279
6.795 0.0006139005027674662 1.0067118405095457
6.8 -0.0067889065571611895 1.0054064562097984
6.805 -0.006712787073001206 1.005378022770655
6.8100000000000005 -0.01888654103447446 1.0056368821680566
6.815 -0.020184871760778975 1.0065840977468674
6.82 -0.026398342833081612 1.0106820202642501
6.825 -0.016976633961578214 1.0091524484426653
6.83 -0.009421366014110876 1.010371973620943
6.835 -0.005275477230421035 1.0118817360881112
6.84 -0.005290942266486623 1.011903860366822
6.845 0.0036485909891216307 1.0139404537495995
6.8500000000000005 0.005752858732171395 1.0107790598337982
6.855 -0.00018558500179084058 1.009057746916023
6.86 0.009136613283055778 1.0053119482539254
6.865 0.02530673237751552 1.007901631495413
6.87 0.02422170177656243 1.0093744455176739
6.875 0.010424803044238443 1.0109013124880923
6.88 0.00359493265744259 1.009208247941852
6.885 0.013883238253728456 1.0103644156421443
6.890000000000001 0.02153996397180816 1.0089009637809039
6.8950000000000005 0.009599519365115584 1.0106243339279444
6.9 0.01191356757868526 1.0078116283824354
6.905 -0.00762018947932391 1.0090700131203891
6.91 -0.018446488944246973 1.0115151614434268
6.915 -0.03557235119675878 1.0102558985052652
6.92 -0.022983416992149765 1.0069393136132474
6.925 -0.03180055228585738 1.008008566186529
6.93 -0.02163596461997861 1.0065829559795123
6.9350000000000005 -0.015428519323680641 1.0101630896299014
6.94 -0.00741498452512481 1.0108933225107968
6.945 -0.005300374091810507 1.0096846248888502
6.95 -0.005741783746730503 1.0046895793562356
6.955 -0.0031095184495436895 1.0068665266364507
6.96 -0.01265648515911069 1.002884500214795
6.965 0.0005023706590047583 1.0021756920190386
6.97 0.004282338856806482 1.0035670824348635
6.9750000000000005 -0.01109816151989595 1.0025115907568283
6.98 -0.005673634582964392 1.0020921239588467
6.985 -0.00778813008107873 1.0008081983454777
6.99 -0.006097277573234808 1.000403288407155
6.995 0.0021831186710364915 1.0004733835574378
7.0 -0.006875879217903185 1.0014519373575228
7.005 0.01353774031466499 1.0018569907225297
7.01 0.013316255271078216 1.0052134015923477
7.015000000000001 0.01486453099774749 1.0062426417182657
7.0200000000000005 0.006575380082645434 1.0034511364549532
7.025 0.01973790586518041 1.002279841372931
7.03 0.022330723539927634 1.0050436928799986
7.035 0.022342658618334524 1.0047942117467052
7.04 0.023324911165458814 1.006128577208117
7.045 0.0298045781059534 1.005775159702683
7.05 0.02689016594547739 1.001094255228832
7.055 0.03658794971547592 1.0004265901890137
7.0600000000000005 0.020874029192291577 1.0034133737130928
7.065 0.0062311499739358235 1.000908253850265
7.07 -0.004305594368764391 1.0022681003405358
7.075 -0.0010833610837954844 1.0013121884084928
7.08 -0.006917344316535787 1.0036870426990743
7.085 0.004350072285897379 1.0056689161092724
7.09 0.014940762043699927 1.006964088242103
7.095 0.014132353436574919 1.0086638466331188
7.1000000000000005 0.0157748316442812 1.0096848214096248
7.105 0.0033346239913273667 1.0129661116786286
7.11 0.014019020344517921 1.0158546914894675
7.115 0.03320827962217261 1.0125499411351453
7.12 0.024805587040834264 1.0141635059938205
7.125 0.030517233966486215 1.0150170095113644
7.13 0.037965012770607015 1.0152661990224525
7.135 0.04490228154816233 1.0152282576538612
7.140000000000001 0.04369843091730906 1.0116318110410183
7.1450000000000005 0.04709231865100529 1.0140375391420395
7.15 0.051402314431974426 1.013293109972957
7.155 0.06950864587399708 1.013909698913371
7.16 0.06362957589837089 1.0141423980954634
7.165 0.05982816468220058 1.014670347795241
7.17 0.059663295841815185 1.015798398345524
7.175 0.05137589932525368 1.0179175329891406
7.18 0.05025944820069984 1.0172638639682636
7.1850000000000005 0.05349027585871988 1.0180057514662963
7.19 0.06973402505297063 1.0170135281599095
7.195 0.06868994652248725 1.016015811174864
7.2 0.07045170040812784 1.0194805740810293
7.205 0.06987010410971237 1.0185434799549893
7.21 0.07441618938081544 1.0171473675470923
7.215 0.07484320495361593 1.0161681386291381
7.22 0.09516597360052675 1.0104017541519064
7.2250000000000005 0.09199635925070244 1.0115056543351297
7.23 0.07711893916395457 1.0109426008773204
7.235 0.07974662967247255 1.011863997135402
7.24 0.08511594979434067 1.0093805092466122
7.245 0.08542447570929337 1.0098649621697573
7.25 0.08153928664983191 1.0083296871018779
7.255 0.06101225900149415 1.0048818678421345
7.26 0.06532601402135066 1.008636032950458
7.265000000000001 0.06325602204021875 1.009683054540537
7.2700000000000005 0.0656415384413634 1.0087537018173602
7.275 0.06298383243256507 1.0121134870713406
7.28 0.0699235428014138 1.0172052356488854
7.285 0.0665552885422454 1.0197432117873788
7.29 0.07026965120395894 1.017024335576446
7.295 0.07737368242385863 1.0163172862559922
7.3 0.081146826929736 1.0141004659144426
7.305 0.07336959048148083 1.0114418062686268
7.3100000000000005 0.08581925230632632 1.0134720629217624
7.315 0.06980235991473223 1.0169960657463397
7.32 0.06662647799929747 1.0139214571076474
7.325 0.06532518470477551 1.0153505444446769
7.33 0.06769260002356056 1.0144609164830285
7.335 0.060121976197202096 1.0147379671678323
7.34 0.05153071721308188 1.014916304840394
7.345 0.06121048241416435 1.0147812472835147
7.3500000000000005 0.058887535927756224 1.0163558250862255
7.355 0.06020509281895202 1.0169496899702815
7.36 0.04926907288171063 1.0165586522430983
7.365 0.05246691657376244 1.01722430123512
7.37 0.07354776482357296 1.0198347181271143
7.375 0.08165628944388209 1.020023688942354
7.38 0.08426695465885001 1.0203773523013422
7.385 0.05807034853261103 1.0177084892915529
7.390000000000001 0.07080365389139065 1.0179373791380355
7.3950000000000005 0.055569491569275625 1.0173287798357373
7.4 0.0412293604661193 1.0188569869887252
7.405 0.03890305441577894 1.0182541916775008
7.41 0.02464427372971087 1.0204050942058096
7.415 0.030948452506537754 1.020826466180249
7.42 0.050880703089309254 1.0218678893369226
7.425 0.06354410647163238 1.0216103185006002
7.43 0.05766859427893314 1.0202654189392202
7.4350000000000005 0.05905675348419769 1.015961998849997
7.44 0.060277084191983965 1.012226968822601
7.445 0.07218828085863785 1.0142696066633845
7.45 0.06994671368575045 1.0124204694224719
7.455 0.06168396076766911 1.0149305673925104
7.46 0.05852094971588204 1.0167989651327232
7.465 0.0424745977723956 1.015321603424568
7.47 0.026292358911455743 1.0204083971841964
7.4750000000000005 0.026374967910475396 1.0215024558583985
7.48 0.03282645583541626 1.0216747069402339
7.485 0.02029304915727753 1.020485936845049
7.49 0.01021333462696909 1.019276931698964
7.495 0.02346240788414354 1.0212630979253678
7.5 0.03461842050508015 1.0167253663207692
7.505 0.03252126297558519 1.0183975937556506
7.51 0.025090825413704193 1.0156071667247715
7.515000000000001 0.025383394185072607 1.0175398912868077
7.5200000000000005 0.018294284513552406 1.0180806985202022
7.525 0.03349114456992362 1.0187672075140701
7.53 0.029194880551274078 1.0192353194382395
7.535 0.025798165476499112 1.0170346391018883
7.54 0.0332728009395561 1.0153420086311018
7.545 0.043715773830303 1.0129464812185371
7.55 0.046626195917884646 1.0099925629095785
7.555 0.03539599391579252 1.0080306774120502
7.5600000000000005 0.036276649894674266 1.0096631124272941
7.565 0.0436707220469136 1.0100290488273223
7.57 0.04559978736320672 1.008410971180466
7.575 0.04606960735180081 1.010644204789686
7.58 0.043271584083994064 1.0098352433040194
7.585 0.037456829329023916 1.010321454359242
7.59 0.02363441535798083 1.0143596959
7.595 0.042079113486106434 1.0162937467057862
7.6000000000000005 0.05300699211696012 1.018197650742399
7.605 0.03941834498906972 1.0205856425947286
7.61 0.0625280823232448 1.0214546429933495
7.615 0.04685877282679927 1.019644316460313
7.62 0.04201363122255385 1.0198820472154317
7.625 0.031050628529687225 1.0193191485199957
7.63 0.038907700578535466 1.0201896070975256
7.635 0.04039696042499179 1.020327531893443
7.640000000000001 0.04083790538993952 1.0159291714144998
7.6450000000000005 0.04035995362117187 1.0160223322238982
7.65 0.021509214124788824 1.0132173312582542
7.655 0.014949032979058238 1.01223361827399
7.66 0.010096014193312061 1.0117289014477615
7.665 0.006634621636770752 1.010102159979852
7.67 0.01100190769787905 1.0120060041141976
7.675 0.010503763961441202 1.0100338799172466
7.68 0.0009053242462880173 1.010994192473308
7.6850000000000005 -0.0022284898073245143 1.0074894280854394
7.69 -0.01827725211256901 1.011107095632948
7.695 -0.01082440592611143 1.0121656389094686
7.7 -0.004525669335458562 1.012514727240049
7.705 -0.009095651642157945 1.0144035847649637
7.71 -0.026757739449975705 1.0145634809824282
7.715 -0.02104327330468072 1.0176537575321658
7.72 -0.026955138725177984 1.0177508797859882
7.7250000000000005 -0.029359752241371072 1.0163225052674036
7.73 -0.015070670163389041 1.0157106958779207
7.735 -0.010633426936283052 1.0165288984574403
7.74 0.0016217746200259287 1.0164515924340953
7.745 0.01379890069825476 1.0149894081740722
7.75 0.012861766828915648 1.013464769987066
7.755 0.00882129131968423 1.0144488992128375
7.76 0.020673045043228137 1.018670352810651
7.765000000000001 0.01728429958158929 1.0218942727489317
7.7700000000000005 0.011096926603062099 1.0192014325063103
7.775 0.0011260826301695225 1.0204043681358812
7.78 -0.003129800432917913 1.0208673374893322
7.785 0.006102571352156611 1.0177837196312318
7.79 0.007172333720528865 1.0157068694429228
7.795 -0.0008245262745498016 1.0153253631351296
7.8 -0.000969980420389771 1.0154559039252586
7.805000000000001 -0.002451898408856599 1.014032250367886
7.8100000000000005 -0.006165264567320717 1.0126789790341806
7.815 -0.015283768996151383 1.0114450173668044
7.82 -0.01857753528149139 1.010725741924487
7.825 -0.007912899217072162 1.009802776706085
7.83 0.01241266656195702 1.0086495281179948
7.835 0.015818879883755008 1.0089379806716443
7.84 0.004962476521410885 1.0079791431261174
7.845 0.01815352879725835 1.007963359648886
7.8500000000000005 0.020943951730030497 1.0074465200577274
7.855 0.019810101891654823 1.0053243170861939
7.86 0.02338072742414425 1.002952660224872
7.865 0.032796438129728774 1.0015832652262182
7.87 0.03449300223732546 1.0043501034948839
7.875 0.03407861190941958 1.0053780413738993
7.88 0.0372501050408771 1.0060480766901834
7.885 0.04361557570075215 1.006395452329353
7.890000000000001 0.03627960126279861 1.0079932917646777
7.8950000000000005 0.04161138060637983 1.0068845172653882
7.9 0.04773209548157855 1.0093748243289182
7.905 0.05979253783654068 1.0071915641342482
7.91 0.07000954580315287 1.009291585078022
7.915 0.06925272172667679 1.0093492806569762
7.92 0.07692553515479156 1.007266928411875
7.925 0.07615060849344099 1.0078208211007698
7.930000000000001 0.06350046745442206 1.0082281610049246
7.9350000000000005 0.08291476444628759 1.0087345395251377
7.94 0.06965901716897992 1.0124934110310597
7.945 0.051328741302283605 1.017921905038906
7.95 0.060976557265604844 1.0166494788711524
7.955 0.07003264593555748 1.0158763505867803
7.96 0.06980675757460846 1.0176375100167574
7.965 0.07422588732513664 1.0179687349365605
7.97 0.07473734360955532 1.0166813388126694
7.9750000000000005 0.08184812129610282 1.0222248912028198
7.98 0.10273499596016639 1.021286327877562
7.985 0.09215871482017345 1.0225359031355283
7.99 0.09487783607439321 1.0225935753365794
7.995 0.08239296590869256 1.024765697753063
8.0 0.08675713018061706 1.0247751260832882
8.005 0.0852884102938287 1.0260035718025864
8.01 0.09177376909903356 1.0257531377611555
8.015 0.08166914996999332 1.0247343886871159
8.02 0.06728442849154342 1.0268303822435922
8.025 0.049582131349932404 1.0261127371011736
8.03 0.05358280419483802 1.023459647064462
8.035 0.035758924138143806 1.0244374591244731
8.040000000000001 0.048989528756924645 1.0238644907178667
8.045 0.04567168272143595 1.0254933128067736
8.05 0.035750703230714075 1.0302277721693338
8.055 0.03549051319407982 1.0293139311860948
8.06 0.029341761452176814 1.0278320169953432
8.065 0.0387310833078997 1.0243732489028337
8.07 0.03897734720995055 1.0217488601979468
8.075 0.02714643869934189 1.024118522772136
8.08 0.04463233048778372 1.024011929326298
8.085 0.04499471068089161 1.02132513404208
8.09 0.04660929794870454 1.0215534949598646
8.095 0.03500670561106332 1.023812484129476
8.1 0.04053785654511177 1.0225537461542962
8.105 0.02927513319144393 1.0209183431655582
8.11 0.015783589412957166 1.0212861684728491
8.115 0.026402509717771663 1.0198681298673116
8.120000000000001 0.010928220326348027 1.0160292712095713
8.125 0.0071426923782010945 1.0196840471114677
8.13 0.019477690242050892 1.0199565406643614
8.135 0.022008451228417686 1.020207435195427
8.14 0.012522715430865037 1.0191062108965885
8.145 0.003763682075782768 1.0201115000690084
8.15 -0.009007169597917862 1.0203038601635
8.155 -0.013754444467942434 1.019485236014206
8.16 -0.03237224013886685 1.019013712748174
8.165000000000001 -0.042570918917773454 1.0176738513167516
8.17 -0.04989830404221241 1.0157128164815068
8.175 -0.07133775529070262 1.0145292936406909
8.18 -0.06566383843014295 1.0164537806267833
8.185 -0.07443045727612298 1.0170316756753812
8.19 -0.07980500583426534 1.016448468584327
8.195 -0.06887844697685579 1.0210210154051362
8.2 -0.07455305793770675 1.0199674215745151
8.205 -0.07330914364828071 1.0224996308358243
8.21 -0.056425623119823874 1.0257903116077225
8.215 -0.0563101652732887 1.0254334255521262
8.22 -0.049633244916544604 1.0256334176117485
8.225 -0.06964959667026183 1.0254290148429077
8.23 -0.06238506636508944 1.0242336610008964
8.235 -0.06708348278065296 1.022736357820847
8.24 -0.06556362208852862 1.0234772879333538
8.245000000000001 -0.06639231640160292 1.0250292226242066
8.25 -0.07570236493636374 1.0212635340233056
8.255 -0.08137697820735754 1.0206210197743102
8.26 -0.07345531626705483 1.0237332939770871
8.265 -0.07227759018681314 1.0240753146036707
8.27 -0.06899388758273212 1.0270651625142615
8.275 -0.06547912013379845 1.0277273955894275
8.28 -0.06548524299590924 1.0267946052477368
8.285 -0.05082097313197176 1.0306046039838208
8.290000000000001 -0.04179550957075797 1.0327089852345173
8.295 -0.048699303015227915 1.0347554668836971
8.3 -0.05555066050931092 1.0327315541973443
8.305 -0.06271686551459316 1.0321868959675775
8.31 -0.050288510837379334 1.0308940040270946
8.315 -0.05537872795714373 1.0355261400798925
8.32 -0.0523619996021782 1.0369589192651645
8.325 -0.04589761869585743 1.0331175117631552
8.33 -0.05239287351279481 1.0301221591133853
8.335 -0.04049676877748388 1.0342961607791656
8.34 -0.0074413140813760935 1.033143400591016
8.345 -0.016724055415556497 1.031973671121626
8.35 -0.01486989080717613 1.0314059938332987
8.355 -0.02802121501426864 1.0305871875546326
8.36 -0.027883748652468586 1.0305826344428741
8.365 -0.029154047310967792 1.0305260030316954
8.370000000000001 -0.009388023545539482 1.028723149540164
8.375 0.007298463164352192 1.030254381229109
8.38 0.0017679614270471632 1.0299164872389661
8.385 -0.003381680250699448 1.028401731722969
8.39 0.007180052503337002 1.0246925248850411
8.395 0.011020091185189238 1.0247268506102611
8.4 0.02245743920190857 1.028099120144058
8.405 0.01866355988992548 1.026416164555588
8.41 0.0051659583344102035 1.0274998202234862
8.415000000000001 -0.0015691935374192434 1.0262574121511956
8.42 0.00674121200589823 1.0295328502205483
8.425 -0.0047086121378227385 1.0340842010231988
8.43 -0.013957466025451701 1.0374797736216466
8.435 -0.02625616833385653 1.039516551612696
8.44 -0.03342701449713716 1.0401706147589627
8.445 -0.03716950041760507 1.0458040160460234
8.45 -0.04550371920633103 1.0456314974763818
8.455 -0.04183328490510406 1.0461063062699767
8.46 -0.03538539172402868 1.0479814999391757
8.465 -0.03404474435399611 1.0483675074366703
8.47 -0.02679605194329116 1.049475274799688
8.475 -0.036722514321613636 1.0445079992216466
8.48 -0.035767445707819125 1.0439818197029114
8.485 -0.019561906844413567 1.0449346356814615
8.49 -0.012800930779669054 1.0444516514548956
8.495000000000001 -0.005354494094779889 1.0412980536670304
8.5 -0.0024191488221969606 1.0435807264402628
8.505 0.001525137951884551 1.0425234417288989
8.51 0.01135075481008977 1.0414202146586085
8.515 0.025073383268157886 1.042889271608635
8.52 0.03602879637339832 1.0435404208436327
8.525 0.038389073786578305 1.0422085888098263
8.53 0.04634857022713494 1.042467502022108
8.535 0.0511314073553115 1.0420044382985074
8.540000000000001 0.0538968322677901 1.0372957353557308
8.545 0.048350697122834324 1.0362499466534205
8.55 0.0405009289547513 1.0342481325957502
8.555 0.06633270891894288 1.035801473698449
8.56 0.07070143493131945 1.0350028601393384
8.565 0.06349562324110698 1.0341649246337419
8.57 0.06644012522840943 1.0341915994158737
8.575000000000001 0.05130731355967113 1.032281339519213
8.58 0.062359227671407676 1.0331214327655553
8.585 0.06436356566230095 1.0352032379149398
8.59 0.06820343218031369 1.0361095179098139
8.595 0.06255445502811743 1.0332437082391228
8.6 0.06827591998756771 1.0330424390628405
8.605 0.06864355913159347 1.0292345608010605
8.61 0.051862106880236514 1.0256714427802187
8.615 0.048290494041197736 1.0237656424191321
8.620000000000001 0.039700657050139275 1.0222636373528384
8.625 0.047156115500860324 1.017873469127099
8.63 0.06187194268867152 1.0200195732316593
8.635 0.062067723832844604 1.0197250376669258
8.64 0.06191800040220123 1.0179375263649573
8.645 0.047921118036776074 1.0183269761601077
8.65 0.04888356391033872 1.0165249641442176
8.655 0.04802217967593899 1.0165151124802252
8.66 0.056613436758006695 1.0172041987550848
8.665000000000001 0.05517190345566307 1.0183314610238268
8.67 0.04472410702747481 1.016199718389221
8.675 0.03603603698259916 1.0180455794992143
8.68 0.038697277818003604 1.0199841899353086
8.685 0.05445081626445562 1.0181053368850626
8.69 0.06027362841094023 1.0165704686960644
8.695 0.06529616660115231 1.0158546687118837
8.700000000000001 0.066422500030204 1.0125281599213896
8.705 0.07204420482935686 1.0170201057468964
8.71 0.07697696633930468 1.0179419659811297
8.715 0.08002499792643857 1.0155770892016283
8.72 0.08825246218133302 1.0151573012175905
8.725 0.07942206314513944 1.0122640632074786
8.73 0.09335718459084623 1.0138787163840688
8.735 0.08841190637680668 1.0107829376315285
8.74 0.09061972893514321 1.014572881948558
8.745000000000001 0.10905379236861062 1.017272278940325
8.75 0.11111984257993729 1.0138023412918828
8.755 0.11048927515930114 1.0118601253183521
8.76 0.1065909276002028 1.0117369496227342
8.765 0.09469458684402803 1.0111163207973803
8.77 0.11112481004629046 1.0118749890220835
8.775 0.10589502700724776 1.0144138263834752
8.78 0.11879014935750493 1.0130973489944646
8.785 0.09170663508308223 1.0109739552162444
8.790000000000001 0.1029731558824708 1.0087353026413088
8.795 0.11041032154659647 1.0115955406591812
8.8 0.10368654176316056 1.009049155657671
8.805 0.08888504948310855 1.0064382546178854
8.81 0.09711328009244478 1.0057306255102105
8.815 0.08113668385036801 1.00456645632783
8.82 0.07249147448087041 1.0017433122608572
8.825000000000001 0.07915522173783612 1.0045470428958487
8.83 0.07790004286088881 1.0033234456612476
8.835 0.08030222189538144 1.0025495920232985
8.84 0.08493188774951296 0.9999616519595033
8.845 0.09745982165039539 0.9978651975485722
8.85 0.09830461867294453 0.9972203438085823
8.855 0.11248827669351343 0.9992116815338686
8.86 0.11400511726691696 0.9959623326597848
8.865 0.12535723367751778 0.9965349997313657
8.870000000000001 0.11098424434686768 0.9970560273893309
8.875 0.11278409212753157 0.9972052403252827
8.88 0.12005195157754929 0.9970593689462448
8.885 0.12131683593691896 1.001010562281629
8.89 0.12410621526346838 0.9981982617325269
8.895 0.11006234787319386 0.9983123510404701
8.9 0.12169220245609169 0.9990892280388998
8.905 0.1302200905708096 0.9981744010901077
8.91 0.12957538274036207 0.9964336926271657
8.915000000000001 0.133656887198357 0.9950327578032069
8.92 0.11520262679225027 0.9941761725128774
8.925 0.09423258029784634 0.9932999798446612
8.93 0.08965632577555172 0.9974107720432197
8.935 0.0867867289321008 0.9956318918138218
8.94 0.08801814965934057 0.9958788431384712
8.945 0.09999944103594054 0.9966352739377422
8.950000000000001 0.09919341580807722 0.9962740928292405
8.955 0.09465550095002478 0.9949729685358112
8.96 0.08783160886965531 0.9966868899024772
8.965 0.08745064545741307 0.9952327852197456
8.97 0.09423915971548119 0.9945772434721392
8.975 0.09370584133709181 0.992582132847802
8.98 0.09498067049680035 0.9927858938076737
8.985 0.07981065943458146 0.9897536963723643
8.99 0.07034042231014125 0.9914592640417202
8.995000000000001 0.07073460889286204 0.98730374417401
9.0 0.07601667395508259 0.9841921435292997
9.005 0.07215709112586591 0.9855357773795753
9.01 0.08056961012392151 0.9870886227319985
9.015 0.0695856777704025 0.9871769978089345
9.02 0.06007133864831125 0.9844177332873478
9.025 0.050824570969986355 0.9868374014116951
9.03 0.06649860110632393 0.9842236767964916
9.035 0.05808822400413387 0.9860665105188209
9.040000000000001 0.06779003704143698 0.991649009969287
9.045 0.07073561174276527 0.9949697830137404
9.05 0.0788400880087501 0.9987468848892964
9.055 0.07565018542410097 1.0026488040555062
9.06 0.08026570617215635 1.0024482772552998
9.065 0.0829976487359313 1.0037009414681095
9.07 0.0777278347284423 1.0040559093422345
9.075000000000001 0.06569593584748125 1.0031373648397015
9.08 0.06240469469498911 1.0073778309075745
9.085 0.07741755386822334 1.0085795327154568
9.09 0.06575809805167554 1.0063909288830781
9.095 0.0698218789772597 1.0084893034361961
9.1 0.08727564856215013 1.0067408101342572
9.105 0.09516731225429441 1.0055005213775785
9.11 0.09238518309721595 1.0035227119337513
9.115 0.07409458021542398 1.004071681202611
9.120000000000001 0.06205595485784782 1.0041742622695473
9.125 0.06480427625429001 1.0046293711743886
9.13 0.07681545392293812 1.003889431741417
9.135 0.07737756903526016 1.00050086472219
9.14 0.07255418496046802 1.0021447897240094
9.145 0.08410415285201911 1.003278736973125
9.15 0.07415152567824002 0.999319735332829
9.155 0.0771037426293694 1.0047916551180296
9.16 0.06457002403552059 1.0073421957002877
9.165000000000001 0.07171193118448531 1.0097955811763155
9.17 0.05804072241321617 1.0102391345667379
9.175 0.0722335642069199 1.0120794545348115
9.18 0.07574050243960644 1.0127008097570411
9.185 0.07661633827265929 1.00999551273066
9.19 0.061911304617804225 1.0099585480158584
9.195 0.06190603850115523 1.0135408664929637
9.200000000000001 0.07559844685656443 1.0134742560403744
9.205 0.07333877881871682 1.0149757551290874
9.21 0.08538711083400594 1.015587736742315
9.215 0.08153247433952485 1.0148229117804966
9.22 0.09776367486136828 1.0143984935417973
9.225 0.1034472542697756 1.0187612537372137
9.23 0.10152806902616053 1.0198129694189384
9.235 0.09799307640017835 1.0187840716488856
9.24 0.08199789650263944 1.0193306666198834
9.245000000000001 0.08518272842066921 1.0164173070493991
9.25 0.08970469071598872 1.0147564248006353
9.255 0.08357457838132668 1.0142313756459218
9.26 0.08555634796958443 1.0193931663357059
9.265 0.07822321395315383 1.016828050861167
9.27 0.07063373814843649 1.014553761860279
9.275 0.07307253863421276 1.0141042984286937
9.28 0.0768406016153812 1.0193825486438388
9.285 0.07125962006287173 1.016986981636254
9.290000000000001 0.07439306749197849 1.0168283511799332
9.295 0.08539517413612778 1.015472163195426
9.3 0.08728281992641897 1.0131227154727176
9.305 0.08621121866753127 1.0144499280244048
9.31 0.07530789578972062 1.0138051507998305
9.315 0.07895102248398568 1.0152772142750246
9.32 0.055614215987884394 1.0150656236359525
9.325000000000001 0.0568802681873063 1.0192526138767157
9.33 0.07524402853119198 1.0218904297372218
9.335 0.09246539369045305 1.022841600252427
9.34 0.10323948176298856 1.0217541825996725
9.345 0.12807811000244582 1.024508459911763
9.35 0.11916698719267396 1.0246893475588137
9.355 0.11716809215310946 1.0272117521997346
9.36 0.10882171095546436 1.0240467911460105
9.365 0.10091339194839824 1.0227858542297064
9.370000000000001 0.09745740420329714 1.0213855408465329
9.375 0.0960080923280167 1.0218967316800862
9.38 0.10433274979409274 1.0239377583562939
9.385 0.10517900799693576 1.0247288828977028
9.39 0.106573312457919 1.0248675284756306
9.395 0.12284505866379171 1.023529386271965
9.4 0.12272175165218117 1.0250895597807217
9.405 0.12271731499063425 1.026186344093156
9.41 0.11756403888564629 1.0239543204988242
9.415000000000001 0.1270745370958059 1.0245271474800386
9.42 0.11315001768333635 1.0275747162891042
9.425 0.10736334242037364 1.029109882733684
9.43 0.10671340500135727 1.0282171867277654
9.435 0.0902808040372138 1.024881682532064
9.44 0.08757396468107967 1.0262902041338902
9.445 0.09555344739119162 1.0249304330457611
9.450000000000001 0.0766756654637133 1.0257394886011302
9.455 0.07885109941392388 1.0234567333977633
9.46 0.06977642802219926 1.0216887891151134
9.465 0.07447552225238281 1.0204308493948122
9.47 0.07210979288677902 1.0242505723142306
9.475 0.06442979718994793 1.0228298158653715
9.48 0.06345967720009109 1.0218006679022922
9.485 0.07502937426275819 1.019687741926249
9.49 0.07179839901064593 1.0161725714498164
9.495000000000001 0.06264888171473607 1.0206639119953036
9.5 0.06603629570245878 1.0206541729405483
9.505 0.07370862031303081 1.0216269698313825
9.51 0.06882087824573734 1.0217050390705873
9.515 0.06182430958166389 1.0217380055395338
9.52 0.0562006642447517 1.0220521993363805
9.525 0.06890200734734835 1.0213695038374608
9.53 0.07349770897585235 1.0247066270677785
9.535 0.06573449650119104 1.0201746741195201
9.540000000000001 0.06045427354150065 1.019988906458344
9.545 0.06379305007133788 1.0246480189225267
9.55 0.08034304557881498 1.0234136954679172
9.555 0.09703230347755541 1.0249957592657446
9.56 0.0948136502337136 1.0270132127219236
9.565 0.09040659753021033 1.0265583563603269
9.57 0.08864076649950964 1.024888497906513
9.575000000000001 0.07871949136366795 1.0271355812009977
9.58 0.054060969580967164 1.0266566812138054
9.585 0.05269429835673114 1.026091590897155
9.59 0.059330201505669304 1.0256955444050453
9.595 0.06183031923784122 1.0264607694941175
9.6 0.04183752512532193 1.0240659256257159
9.605 0.03777130835518909 1.0236663474028735
9.61 0.031681028465478975 1.0262218734663613
9.615 0.02896791324844591 1.025557538470977
9.620000000000001 0.030997994451856706 1.02717373041004
9.625 0.028554412443019164 1.0244378007769381
9.63 0.0347870261138795 1.0215805628009313
9.635 0.03676240756506692 1.0251065601126896
9.64 0.03812411868669175 1.0285596640951387
9.645 0.040251262809645555 1.03151236757779
9.65 0.05349387895214717 1.0319063627960423
9.655 0.052770424222465986 1.0348175859027258
9.66 0.049397239686284095 1.0368896001922716
9.665000000000001 0.043790580515695544 1.0379736734037541
9.67 0.04172522513904677 1.038592363891812
9.675 0.046588757933448514 1.0378596893126668
9.68 0.04802670639591125 1.0375702893640608
9.685 0.03291523325032801 1.0351376047404688
9.69 0.04366777644851724 1.0370483385267497
9.695 0.03866645266769155 1.0373874302405204
9.700000000000001 0.036345270598648845 1.0371183140583708
9.705 0.040404402139599685 1.0367381261485782
9.71 0.05363792952178409 1.0351784993554052
9.715 0.05726769866537082 1.0314220798056932
9.72 0.04325819671800855 1.0296819800571482
9.725 0.030789982971884747 1.030179214851163
9.73 0.03635522491588071 1.036811581307193
9.735 0.04279947282795314 1.0375313197110074
9.74 0.043773593993309955 1.0341430405485719
9.745000000000001 0.06311589975096647 1.0289169139632048
9.75 0.0658527845938217 1.03115091155974
9.755 0.07279589404263512 1.0325817431691002
9.76 0.058824631553936996 1.0331926059676648
9.765 0.054313221886693984 1.032531472390059
9.77 0.0515631135446573 1.0339924323760683
9.775 0.05199943614770107 1.030904201253872
9.78 0.06289007618116743 1.031688183797484
9.785 0.06508177961269135 1.0294714099544497
9.790000000000001 0.054390129505294114 1.032122637702482
9.795 0.04695711834417628 1.0299299968243654
9.8 0.0394495838658274 1.0294615457062282
9.805 0.04090742025798316 1.0324593518125316
9.81 0.04983870206380304 1.034196677623263
9.815 0.06422050026143836 1.0405997885229552
9.82 0.0661734301065005 1.041832515498784
9.825000000000001 0.06875506206399877 1.0362384543753902
9.83 0.09046453811507524 1.0360688438435073
9.835 0.08999078575751851 1.0392807427265374
9.84 0.09276410758145 1.0390006648619359
9.845 0.09069937591919036 1.0410032304111847
9.85 0.07473426236874056 1.0434093323127138
9.855 0.07560212221237284 1.043712934911495
9.86 0.08029522937649425 1.0419831182670842
9.865 0.08221395652277758 1.04099233819963
9.870000000000001 0.10577810916544442 1.0423618071307488
9.875 0.09625013667811685 1.0421983449759664
9.88 0.11719278972137973 1.0422202531950517
9.885 0.10449738619216024 1.043096655475977
9.89 0.12414275203170311 1.0425546619225283
9.895 0.13154064434949153 1.0400476297767731
9.9 0.1401880740652581 1.039210315411892
9.905 0.1569719177749457 1.038104308824663
9.91 0.14741538604883686 1.0365030795285055
9.915000000000001 0.1354035235319249 1.036843334619805
9.92 0.13988574014532762 1.0388937865109167
9.925 0.14348956148668568 1.041469072228121
9.93 0.1387321432345619 1.0435109227660437
9.935 0.12785207948781505 1.0464426819281332
9.94 0.1306901462468114 1.0452518605094971
9.945 0.11904344430705814 1.0449962442083056
9.950000000000001 0.1145027718485909 1.0426073149849118
9.955 0.10814643536429103 1.0442514799372316
9.96 0.1108902320036406 1.0435418902362394
9.965 0.11514247914149013 1.0403998379473662
9.97 0.11026979895056094 1.0401011148877812
9.975 0.11269515402949852 1.0416505575715151
9.98 0.12078850454516918 1.0448037052222072
9.985 0.13083979604890383 1.0439733548556256
9.99 0.12413880905237008 1.0442151465620753
9.995000000000001 0.12464966569297115 1.0436011699508472
