0.1 0.20112787622461775 0.00018381647331010221 0.1971493333553309 0.0001215064602108965
0.6 1.1923319948664985 0.0008662938818561831 1.1702248598054958 0.001865054559903348
1.1 2.170042553318779 0.001408132663423562 2.1785221989622983 0.001246906962196719
1.6 3.2035892073736933 0.004802974526341587 3.2135589757212393 0.0030942889208381177
2.1 4.111323303654185 0.0048767681519524654 4.209822109102215 0.004111787043792577
2.6 5.318395542869264 0.004170047597179738 5.309283093347796 0.004202095345205883
3.1 6.305542680809802 0.0031797963299053014 6.290459860054231 0.005824887898121782
3.6 7.282125316550269 0.004946849175213499 7.122623651749243 0.0032282258113155537
4.1 8.132089707556371 0.008505800603001342 8.368969909438597 0.006582442786084309
4.6 9.217359911033515 0.006358305829837404 9.322531177385775 0.009720364860578564
5.1 10.337774592421123 0.014493664596645696 9.83072500870106 0.007573650610574944
