-7.480788817619389 3.9873920343053323e-05 8.71190629874052e-06
-7.381195877474897 3.168018047601036e-05 1.3544576187116873e-05
-7.281602937330405 5.4188566157859455e-05 2.0850188473940443e-05
-7.182009997185913 8.05046195025057e-05 3.177948754558161e-05
-7.082417057041422 0.00011027761681732388 4.795966429215635e-05
-6.982824116896932 0.000165034797419891 7.1663451175311e-05
-6.8832311767524414 0.0002447142796579598 0.00010602582093226803
-6.783638236607951 0.0003164635775499319 0.00015531661197583225
-6.6840452964634585 0.00043242453992613304 0.0002252768231312096
-6.584452356318968 0.0006057307609647905 0.00032352471081136225
-6.4848594161744755 0.0008263690076916731 0.0004600348598754335
-6.385266476029986 0.0011360043618618846 0.0006476887697206827
-6.285673535885494 0.0015172923480514997 0.0009028889365425172
-6.186080595741003 0.002016878165472952 0.0012462197683916882
-6.086487655596511 0.002702796193429782 0.0017031279673116672
-5.98689471545202 0.003539122968496589 0.0023045825289446506
-5.887301775307532 0.004603139665023623 0.0030876608395248944
-5.787708835163038 0.006016966772028832 0.004095993457289457
-5.688115895018548 0.007651265050173895 0.005379987402842356
-5.5885229548740565 0.009656460222473705 0.006996737865795524
-5.488930014729565 0.012207709185018081 0.009009533154317684
-5.389337074585074 0.015150893363496523 0.011486859584469548
-5.289744134440582 0.01865021959169285 0.014500823843636181
-5.190151194296091 0.022847670263122875 0.018124931805513833
-5.0905582541516 0.027692942112175652 0.022431195768101975
-4.990965314007109 0.033181159964189015 0.0274865865656138
-4.891372373862618 0.039586344425160014 0.03334890162085405
-4.791779433718128 0.04669107398948268 0.0400621819446475
-4.692186493573637 0.054708447800592044 0.047651876046086124
-4.592593553429145 0.06342742404018081 0.05612001104286266
-4.4930006132846545 0.07283379345020569 0.06544068432868874
-4.393407673140163 0.08269159366477026 0.07555622593306965
-4.2938147329956715 0.09317800925875591 0.08637439550476292
-4.19422179285118 0.10439962068640946 0.09776696315955492
-4.0946288527066885 0.11550507580915252 0.1095699767966521
-3.9950359125621993 0.12658882249598088 0.12158593924193434
-3.8954429724177078 0.1371144653591436 0.1335880093715872
-3.7958500322732163 0.1483045867883489 0.1453262083568162
-3.6962570921287248 0.15834124462524185 0.1565354647738874
-3.5966641519842337 0.167129538787471 0.166945182580486
-3.497071211839743 0.175162903498905 0.17628987745586577
-3.397478271695251 0.18194951982675017 0.1843203135060566
-3.297885331550761 0.18690489840169844 0.19081449627087999
-3.198292391406269 0.19085652891879534 0.19558784892429545
-3.0986994512617785 0.19271303198389894 0.19850192202018427
-2.999106511117288 0.19298568258091975 0.19947106363386435
-2.8995135709727964 0.19073952692143725 0.19846660155503854
-2.799920630828305 0.18723386183296703 0.1955182526142098
-2.700327690683813 0.18245811254607902 0.19071266253437394
-2.600734750539323 0.17555642574322466 0.18418917650995922
-2.5011418103948317 0.16793268041554074 0.17613312873400036
-2.4015488702503403 0.15861586119041501 0.16676710197433023
-2.301955930105849 0.14858481704127235 0.1563407323685889
-2.2023629899613586 0.1379672942584396 0.1451197102690718
-2.102770049816867 0.12662194681069555 0.13337465059420706
-2.003177109672376 0.11573376180936469 0.12137047637055698
-1.9035841695278848 0.10433038408891067 0.10935688256079022
-1.803991229383394 0.093464817303623 0.09756033353550542
-1.7043982892389027 0.08302170156195247 0.08617790913867822
-1.6048053490944116 0.072808803766722 0.07537316501080471
-1.5052124089499201 0.06336878987099465 0.06527402625175942
-1.4056194688054295 0.05458898386008608 0.055972601628058616
-1.3060265286609383 0.04660412678868022 0.047526697715583564
-1.206433588516447 0.039707180304602574 0.039962734675093196
-1.1068406483719562 0.03331755864142964 0.03327972031144463
-1.0072477082274647 0.027694968122310346 0.027453925849809515
-0.907654768082974 0.022908948410729334 0.02244392182655701
-0.8080618279384825 0.018802498825530235 0.01819566991081467
-0.7084688877939915 0.015497838270937623 0.014647419393107746
-0.6088759476495004 0.012606149885536566 0.011734218178655867
-0.5092830075050093 0.010428276323306286 0.009391910472044662
-0.40969006736051816 0.008736912581141218 0.0075605509887498685
-0.31009712721602706 0.007499858484864892 0.006187213915378059
-0.21050418707153587 0.0066089251774185285 0.0052282109939649005
-0.11091124692704478 0.006186109004132103 0.0046507556771347
-0.011318306782553638 0.006148874154692869 0.0044341194540974994
0.08827463336193743 0.0065265815927185045 0.004570323654064325
0.18786757350642852 0.007320331044665583 0.005064397812082747
0.2874605136509197 0.008514722688579784 0.005934217310813128
0.38705345379541084 0.010098066473835743 0.0072099122359004595
0.486646393939902 0.012359031088007321 0.008932820124754354
0.5862393340843931 0.014976750312091764 0.011153941359828971
0.6858322742288842 0.018125370394877487 0.013931850768051089
0.7854252143733751 0.02209044187402734 0.017330025254597814
0.8850181545178663 0.026679471727235858 0.021413566755677932
0.9846110946623575 0.03212000192067199 0.026245332922945303
1.0842040348068487 0.03799069108604756 0.031881533760091216
1.1837969749513397 0.044877913189347314 0.03836690832102858
1.283389915095831 0.05274455192168705 0.04572965733738018
1.3829828552403216 0.061269298919983665 0.053976369609423244
1.482575795384813 0.07066681116343361 0.06308723541449791
1.5821687355293041 0.0804588890071177 0.0730118817656456
1.6817616756737956 0.09076935118466781 0.08366618498217787
1.7813546158182862 0.10219491377842332 0.09493040962984738
1.8809475559627777 0.11321137568024345 0.10664898526002546
1.9805404961072686 0.12407969821044347 0.11863216200786049
2.08013343625176 0.13519468697574277 0.13065968473616887
2.1797263763962507 0.14605808565409836 0.14248649829328944
2.279319316540742 0.15605121132777086 0.15385035224010063
2.378912256685233 0.1652498943189472 0.16448102357431355
2.4785051968297243 0.17334974245628829 0.17411073387229709
2.5780981369742153 0.18059178781983676 0.18248521675599955
2.6776910771187064 0.18578236396002892 0.18937480558803763
2.7772840172631974 0.18961883972702784 0.19458487023021867
2.8768769574076885 0.1916997599796101 0.19796494217387936
2.9764698975521804 0.1920809606971465 0.19941593117466408
3.0760628376966714 0.1909721072649614 0.19889495026513687
3.175655777841163 0.18773193186840548 0.19641742115039812
3.2752487179856535 0.18273947311073194 0.1920563156622922
3.3748416581301437 0.176591058166521 0.18593858527376741
3.4744345982746356 0.16905320532365445 0.1782390224173377
3.5740275384191262 0.16008221487994426 0.16917196776049115
3.6736204785636177 0.15042018265337648 0.15898141218904055
3.773213418708109 0.13987565402405644 0.14793013033014873
3.8728063588526 0.12944655696024554 0.1362885181040319
3.9723992989970913 0.11824927189415231 0.12432378936836216
4.071992239141582 0.10703862644715045 0.11229012062958373
4.1715851792860725 0.09614547075069917 0.10042022679511603
4.271178119430565 0.08564487877140056 0.08891871693539855
4.3707710595750555 0.07519241763357201 0.07795743061311607
4.470363999719547 0.06572880618148136 0.06767280627489018
4.569956939864038 0.05699919831464598 0.05816519598359827
4.669549880008528 0.04920006965516719 0.049499925488958846
4.76914282015302 0.041740073769825026 0.04170981222031549
4.868735760297511 0.03519243953619364 0.0347987996827429
4.968328700442003 0.029541910586769297 0.02874634499997018
5.067921640586493 0.02455109492750691 0.023512204092052326
5.167514580730984 0.019967860430838924 0.01904129108931143
5.267107520875477 0.016217863881838553 0.01526833856752349
5.366700461019969 0.013123469343856688 0.012122146017550142
5.466293401164458 0.010526752878838473 0.009529268860123537
5.565886341308949 0.008393787691136996 0.007417063372640622
5.6654792814534405 0.006559891740356667 0.005716059476553383
5.765072221597932 0.0051042161046808456 0.004361680286329075
5.864665161742421 0.0039674383773251306 0.0032953629735087042
5.964258101886913 0.003014875327642293 0.0024651595163507766
6.063851042031405 0.002242704251635022 0.001825909029423761
6.163443982175894 0.001709942441269662 0.0013390771076326464
6.263036922320388 0.0012470378562189593 0.0009723539322260746
6.362629862464878 0.0009277730472964305 0.0006990938861954971
6.46222280260937 0.0006763932894703355 0.0004976671483457442
6.561815742753859 0.0004951884593025935 0.0003507799667478303
6.661408682898351 0.0003609623775287623 0.00024480649266184944
6.761001623042842 0.0002495495513495148 0.00016916223754992834
6.860594563187331 0.00016342755153308643 0.00011573807380129305
6.9601875033318255 0.00011307253762059141 7.840457760156123e-05
7.059780443476316 8.341505313046083e-05 5.258948630244365e-05
7.159373383620808 5.5505616296091754e-05 3.49259942195867e-05
7.258966323765298 3.216129485151068e-05 2.2966296478326173e-05
7.35855926390979 4.040496875696078e-05 1.4952902313731191e-05
