
# Curve 0 of 1, 251 points
# x y xlow xhigh type
-221  2 -221 -221  o
-220  7 -220 -220  o
-219  12 -219 -219  o
-218  13 -218 -218  o
-217  25 -217 -217  o
-216  17 -216 -216  o
-215  19 -215 -215  o
-214  28 -214 -214  o
-213  19 -213 -213  o
-212  11 -212 -212  o
-211  10 -211 -211  o
-210  8 -210 -210  o
-209  9 -209 -209  o
-208  1 -208 -208  o
-207  5 -207 -207  o
-206  1 -206 -206  o
-204  2 -204 -204  o
-203  2 -203 -203  o
-202  10 -202 -202  o
-201  6 -201 -201  o
-200  6 -200 -200  o
-199  7 -199 -199  o
-198  2 -198 -198  o
-197  8 -197 -197  o
-196  8 -196 -196  o
-195  3 -195 -195  o
-193  2 -193 -193  o
-192  2 -192 -192  o
-191  1 -191 -191  o
-189  2 -189 -189  o
-187  2 -187 -187  o
-186  7 -186 -186  o
-185  16 -185 -185  o
-184  16 -184 -184  o
-183  23 -183 -183  o
-182  14 -182 -182  o
-181  22 -181 -181  o
-180  20 -180 -180  o
-179  27 -179 -179  o
-178  23 -178 -178  o
-177  23 -177 -177  o
-176  24 -176 -176  o
-175  17 -175 -175  o
-174  5 -174 -174  o
-173  10 -173 -173  o
-172  8 -172 -172  o
-171  1 -171 -171  o
-170  4 -170 -170  o
-169  1 -169 -169  o
-167  2 -167 -167  o
-166  4 -166 -166  o
-165  5 -165 -165  o
-164  10 -164 -164  o
-163  5 -163 -163  o
-162  4 -162 -162  o
-161  1 -161 -161  o
-160  2 -160 -160  o
-159  6 -159 -159  o
-158  9 -158 -158  o
-157  4 -157 -157  o
-156  1 -156 -156  o
-155  1 -155 -155  o
-154  1 -154 -154  o
-151  2 -151 -151  o
-149  3 -149 -149  o
-148  4 -148 -148  o
-147  3 -147 -147  o
-146  4 -146 -146  o
-145  1 -145 -145  o
-143  4 -143 -143  o
-142  4 -142 -142  o
-141  4 -141 -141  o
-140  1 -140 -140  o
-138  2 -138 -138  o
-136  1 -136 -136  o
-135  2 -135 -135  o
-134  2 -134 -134  o
-133  3 -133 -133  o
-132  3 -132 -132  o
-131  1 -131 -131  o
-130  2 -130 -130  o
-129  1 -129 -129  o
-128  2 -128 -128  o
-125  1 -125 -125  o
-124  1 -124 -124  o
-123  2 -123 -123  o
-122  8 -122 -122  o
-121  8 -121 -121  o
-120  5 -120 -120  o
-119  1 -119 -119  o
-118  1 -118 -118  o
-117  1 -117 -117  o
-116  2 -116 -116  o
-115  3 -115 -115  o
-114  8 -114 -114  o
-113  4 -113 -113  o
-112  3 -112 -112  o
-111  4 -111 -111  o
-110  4 -110 -110  o
-109  11 -109 -109  o
-108  14 -108 -108  o
-107  7 -107 -107  i
-106  6 -106 -106  i
-105  2 -105 -105  i
-104  7 -104 -104  i
-103  4 -103 -103  i
-102  10 -102 -102  i
-101  5 -101 -101  i
-100  10 -100 -100  i
-99  6 -99 -99  i
-98  3 -98 -98  i
-97  4 -97 -97  i
-96  3 -96 -96  i
-95  4 -95 -95  i
-94  2 -94 -94  i
-93  2 -93 -93  i
-92  13 -92 -92  i
-91  7 -91 -91  i
-90  8 -90 -90  i
-89  21 -89 -89  i
-88  18 -88 -88  i
-87  22 -87 -87  i
-86  23 -86 -86  i
-85  27 -85 -85  i
-84  18 -84 -84  i
-83  26 -83 -83  i
-82  12 -82 -82  i
-81  10 -81 -81  i
-80  14 -80 -80  i
-79  12 -79 -79  i
-78  23 -78 -78  i
-77  30 -77 -77  i
-76  35 -76 -76  i
-75  48 -75 -75  i
-74  55 -74 -74  i
-73  57 -73 -73  i
-72  62 -72 -72  i
-71  65 -71 -71  i
-70  51 -70 -70  i
-69  74 -69 -69  i
-68  56 -68 -68  i
-67  60 -67 -67  i
-66  54 -66 -66  i
-65  77 -65 -65  i
-64  70 -64 -64  i
-63  97 -63 -63  i
-62  98 -62 -62  i
-61  104 -61 -61  i
-60  95 -60 -60  i
-59  105 -59 -59  i
-58  89 -58 -58  i
-57  88 -57 -57  i
-56  92 -56 -56  i
-55  91 -55 -55  i
-54  87 -54 -54  i
-53  103 -53 -53  i
-52  121 -52 -52  i
-51  113 -51 -51  i
-50  104 -50 -50  i
-49  114 -49 -49  i
-48  124 -48 -48  i
-47  106 -47 -47  i
-46  100 -46 -46  i
-45  123 -45 -45  i
-44  141 -44 -44  i
-43  127 -43 -43  i
-42  123 -42 -42  i
-41  123 -41 -41  i
-40  151 -40 -40  i
-39  151 -39 -39  i
-38  153 -38 -38  i
-37  143 -37 -37  i
-36  179 -36 -36  i
-35  160 -35 -35  i
-34  160 -34 -34  i
-33  163 -33 -33  i
-32  182 -32 -32  i
-31  169 -31 -31  i
-30  150 -30 -30  i
-29  158 -29 -29  i
-28  153 -28 -28  i
-27  171 -27 -27  i
-26  186 -26 -26  i
-25  151 -25 -25  i
-24  156 -24 -24  i
-23  119 -23 -23  i
-22  118 -22 -22  i
-21  104 -21 -21  i
-20  104 -20 -20  i
-19  77 -19 -19  i
-18  74 -18 -18  i
-17  69 -17 -17  i
-16  58 -16 -16  i
-15  72 -15 -15  i
-14  62 -14 -14  i
-13  78 -13 -13  i
-12  85 -12 -12  i
-11  60 -11 -11  i
-10  70 -10 -10  i
-9  76 -9 -9  i
-8  86 -8 -8  i
-7  76 -7 -7  i
-6  86 -6 -6  i
-5  82 -5 -5  i
-4  99 -4 -4  i
-3  78 -3 -3  i
-2  73 -2 -2  i
-1  73 -1 -1  i
 0  74  0  0  i
 1  81  1  1  i
 2  68  2  2  i
 3  77  3  3  i
 4  94  4  4  i
 5  52  5  5  i
 6  46  6  6  i
 7  42  7  7  i
 8  37  8  8  i
 9  26  9  9  i
 10  41  10  10  i
 11  21  11  11  i
 12  25  12  12  i
 13  21  13  13  i
 14  14  14  14  i
 15  21  15  15  i
 16  10  16  16  i
 17  7  17  17  i
 18  4  18  18  i
 19  8  19  19  i
 20  12  20  20  i
 21  9  21  21  i
 22  9  22  22  i
 23  2  23  23  i
 24  16  24  24  i
 25  14  25  25  i
 26  23  26  26  i
 27  17  27  27  i
 28  17  28  28  i
 29  21  29  29  i
 30  32  30  30  i
 31  23  31  31  i
 32  34  32  32  i
 33  7  33  33  i
 34  22  34  34  i
 35  18  35  35  i
 36  12  36  36  i
 37  14  37  37  i
 38  11  38  38  i
 39  5  39  39  i
 40  7  40  40  i
 41  4  41  41  i
-186  1 -186 -186  u

