-9.0 0.003 0.054690035655501276 0.0002681499477463767
-8.879194630872483 0.001 0.03160696125855822 0.0005450777689208763
-8.758389261744966 0.006 0.10938007131100255 0.0010919648229523737
-8.63758389261745 0.002 0.044676615807377355 0.002155898371769549
-8.516778523489933 0.009 0.12214335839496147 0.00419485928709884
-8.395973154362416 0.017 0.18630888330941173 0.008044072571600225
-8.275167785234899 0.024 0.17153425313913254 0.015202116006307609
-8.154362416107382 0.041 0.24762673522865014 0.02831402373432157
-8.033557046979865 0.052 0.28861046412075914 0.05197190504663274
-7.912751677852349 0.132 0.4411076966002747 0.0940167386614954
-7.791946308724832 0.194 0.5443932402225434 0.1676143644986361
-7.671140939597315 0.355 0.7765146489281448 0.2945010187943575
-7.550335570469798 0.637 1.019426799726199 0.5099550398683372
-7.429530201342281 1.029 1.3528336926614446 0.8702549476042876
-7.308724832214765 1.813 1.8198986235502241 1.4636277860377578
-7.1879194630872485 2.819 2.2428194309841354 2.4259638665612426
-7.067114093959732 4.667 2.8340979164453723 3.962849265961854
-6.946308724832215 7.447 3.7763992108885946 6.379701038842667
-6.825503355704698 11.82 5.085626805026102 10.121914291816358
-6.704697986577181 18.284 6.24718688691158 15.826852047639338
-6.583892617449664 27.629 7.618094184243196 24.38911229831714
-6.4630872483221475 41.316 9.835656765056413 37.03966183269336
-6.342281879194631 61.651 12.409963698577043 55.43800661030646
-6.221476510067114 90.443 15.693015994384254 81.77447727676457
-6.100671140939597 129.837 19.65101602971205 118.87691596006344
-5.97986577181208 184.558 23.776135850890487 170.31263524452694
-5.859060402684563 258.077 30.427077924112268 240.47271038054802
-5.7382550335570475 356.933 37.9832135423005 334.6218701291371
-5.617449664429531 484.768 46.94601341967174 458.89406786179893
-5.496644295302014 649.208 59.20882312628752 620.2120023980682
-5.375838926174497 861.634 75.11850666779792 826.1092673048695
-5.25503355704698 1122.895 93.96368434134541 1084.4372566219226
-5.134228187919463 1443.638 117.41624655898349 1402.9460679107183
-5.0134228187919465 1831.073 142.2001324577442 1788.7396611481047
-4.89261744966443 2288.732 170.30384662713874 2247.6201324736758
-4.771812080536913 2821.237 209.64311300636612 2783.353129347353
-4.651006711409396 3425.15 247.27669421116096 3396.9044206314497
-4.530201342281879 4106.757 294.3807363789282 4085.7140549197316
-4.409395973154362 4849.582 345.5390531850199 4843.086610916858
-4.2885906040268456 5643.791 393.0193243582305 5657.780971899233
-4.167785234899329 6473.618 446.9938031740485 6513.8785227797525
-4.046979865771812 7328.882 507.7481502437995 7390.993335163721
-3.926174496644295 8168.585 560.4097079592751 8264.86185117886
-3.8053691275167782 8985.295 606.4533535029714 9108.314552383681
-3.6845637583892614 9747.733 657.7760163695541 9892.591526056864
-3.5637583892617446 10417.106 699.9892990353495 10588.92249501264
-3.4429530201342278 10975.753 728.2757170131379 11170.255288115126
-3.322147651006711 11411.385 761.9247684483029 11612.990356791062
-3.201342281879194 11690.511 779.2657312361425 11898.567274215518
-3.0805369127516773 11805.803 781.4779818977627 12014.754878860344
-2.9597315436241605 11757.482 785.0755108115396 11956.520163442394
-2.8389261744966436 11549.742 763.4538253463663 11726.389917070175
-2.718120805369127 11181.677 734.7175529895825 11334.26892710111
-2.59731543624161 10672.634 701.74670219674 10796.732985082741
-2.476510067114094 10033.525 656.529010307237 10135.867043317476
-2.3557046979865772 9316.371 611.0686944681424 9377.762025812724
-2.2348993288590604 8526.602 558.539627596825 8550.812786778037
-2.1140939597315436 7695.0 507.74837468966854 7683.971463228736
-1.9932885906040267 6842.615 453.99844358213386 6805.104455823718
-1.87248322147651 6006.426 394.2989735264347 5939.579447227603
-1.751677852348993 5199.359 344.2122341216245 5109.1752063782205
-1.6308724832214763 4440.875 297.37737872104526 4331.366671980285
-1.5100671140939594 3736.54 248.03469596006119 3618.9965694055563
-1.3892617449664426 3100.266 206.1227431507741 2980.307701934047
-1.2684563758389258 2547.263 172.06730029555297 2419.280987796256
-1.147651006711409 2061.424 142.02308341956248 1936.205596189151
-1.0268456375838921 1650.295 114.97979811688661 1528.3997558204917
-0.9060402684563762 1312.023 93.96298457903517 1191.0030091925814
-0.7852348993288594 1034.575 74.58764224052132 917.7707413681063
-0.6644295302013425 814.969 57.71582139240505 701.8169302864733
-0.5436241610738257 647.184 46.584891799809945 536.2682902220942
-0.4228187919463089 527.564 39.491592826828345 414.8096264692864
-0.30201342281879207 445.028 33.162919292486905 332.1141895064797
-0.18120805369127524 399.963 29.787272970179732 284.16277077053496
-0.06040268456375841 385.727 28.77756888620024 268.460678889086
0.06040268456375841 401.718 29.22458684053549 284.1627707705211
0.18120805369127524 446.453 32.77095956788571 332.1141895064936
0.30201342281879207 528.516 39.33799364482129 414.80962646927253
0.4228187919463089 648.192 46.32603086818468 536.2682902220942
0.5436241610738257 818.404 58.916846351446885 701.8169302864871
0.6644295302013425 1035.989 72.7013677931853 917.7707413681202
0.7852348993288594 1315.138 90.15494970327475 1191.0030091925537
0.9060402684563762 1654.655 111.13562873804243 1528.3997558205194
1.026845637583893 2069.109 138.53946412123875 1936.205596189151
1.1476510067114098 2553.494 168.0702887603874 2419.280987796228
1.2684563758389267 3115.002 204.8430228150327 2980.3077019341026
1.3892617449664435 3755.457 246.6207009782431 3618.9965694055563
1.5100671140939603 4457.699 283.36702066224996 4331.366671980299
1.6308724832214772 5220.208 337.75508691358004 5109.175206378179
1.751677852348994 6032.123 395.1267415285886 5939.57944722763
1.8724832214765108 6875.541 449.7495906824152 6805.104455823718
1.9932885906040276 7722.926 506.62127721208077 7683.971463228736
2.1140939597315445 8566.281 551.4143197623725 8550.812786778064
2.2348993288590613 9357.889 606.3057534602489 9377.762025812704
2.355704697986578 10088.017 655.1488630158798 10135.867043317476
2.476510067114095 10718.703 698.4386678807238 10796.732985082857
2.5973154362416118 11223.51 732.6100517328438 11334.268927101097
2.7181208053691286 11594.312 764.6716057602766 11726.389917070186
2.8389261744966454 11808.015 777.7769621009611 11956.520163442377
2.9597315436241622 11859.034 785.1769334640442 12014.754878860347
3.080536912751679 11743.393 776.6717122124379 11898.567274215513
3.201342281879196 11460.275 759.2098045830282 11612.990356791077
3.3221476510067127 11028.802 730.2452045689859 11170.255288115113
3.4429530201342295 10464.228 699.0999156172171 10588.922495012648
3.5637583892617464 9784.347 657.7969676055067 9892.591526056809
3.684563758389263 9028.784 613.8278743621863 9108.314552383708
3.80536912751678 8218.78 559.7374916869514 8264.861851178708
3.926174496644295 7363.32 502.62592412250285 7390.993335163749
4.046979865771812 6509.042 454.3893135143035 6513.8785227797525
4.167785234899329 5671.974 392.4813235352735 5657.780971899233
4.2885906040268456 4874.483 343.3872765712207 4843.086610916831
4.409395973154362 4128.339 296.5205930099965 4085.7140549197593
4.530201342281879 3450.64 250.66520380778823 3396.904420631422
4.651006711409396 2837.312 213.56909574186992 2783.353129347367
4.771812080536913 2304.939 175.61998542022488 2247.620132473648
4.89261744966443 1842.271 143.44566064890216 1788.7396611481324
5.0134228187919465 1453.683 115.32994628889757 1402.9460679107044
5.134228187919463 1130.262 95.53963238363438 1084.4372566219365
5.25503355704698 866.852 77.0748862860011 826.1092673048695
5.375838926174497 654.969 60.02772725166263 620.2120023980543
5.496644295302014 487.953 49.25828652115296 458.8940678618128
5.617449664429531 358.52 38.1058210776254 334.621870129151
5.7382550335570475 261.489 30.924066339988343 240.47271038053415
5.859060402684564 185.789 24.45106294212994 170.3126352445408
5.979865771812081 130.777 20.15527898591334 118.87691596006344
6.100671140939598 90.6 15.498451535556706 81.77447727675072
6.221476510067115 62.709 11.968806080808562 55.43800661030646
6.342281879194632 42.347 10.040846129684489 37.03966183270721
6.463087248322148 28.276 8.115036906878489 24.38911229830329
6.583892617449665 18.346 6.1756201308046785 15.82685204762549
6.704697986577182 11.896 4.76268663676291 10.121914291830208
6.825503355704699 7.665 3.808250910851332 6.379701038842667
6.946308724832216 4.774 2.951427451251343 3.962849265975704
7.067114093959731 3.087 2.2990065245666442 2.4259638665473924
7.187919463087248 1.849 1.8083691547911338 1.4636277860516078
7.308724832214764 1.155 1.4734228856645333 0.8702549475904375
7.429530201342281 0.692 1.0858802880612577 0.5099550398683372
7.550335570469798 0.418 0.826605105234658 0.2945010187943575
7.671140939597315 0.245 0.6057846151892601 0.1676143644986361
7.791946308724832 0.133 0.4661662793467584 0.09401673864764537
7.912751677852349 0.065 0.3174507835869995 0.05197190506048277
8.033557046979865 0.035 0.21395092895334666 0.0283140237481716
8.154362416107382 0.017 0.15719732822156995 0.015202115992457577
8.275167785234899 0.008 0.0996794863550169 0.008044072557750193
8.395973154362416 0.002 0.044676615807377355 0.00419485928709884
8.516778523489933 0.004 0.07735631842325487 0.0021558983994696135
8.63758389261745 0.001 0.03160696125855822 0.0010919648229523737
8.758389261744966 0.0 0.0 0.0005450777550708441
8.879194630872483 0.002 0.044676615807377355 0.0002681499615964089
